# Made in Blockbench 4.12.5
mtllib staff2.mtl

o tail1
v 3.469446951953614e-18 0.14300114914551007 0.044737143033747026
v 0.04419417382415921 0.1372326519179315 0.0009210564931233997
v 3.122502256758253e-17 -0.6625478007207107 0.15078967421253892
v 0.04419417382415924 -0.6683162979482894 0.10697358767191528
v -1.3877787807814457e-17 0.1314641546903529 -0.04289503004750023
v -0.04419417382415922 0.1372326519179315 0.0009210564931234066
v 1.3877787807814457e-17 -0.6740847951758681 0.06315750113129168
v -0.044194173824159196 -0.6683162979482894 0.10697358767191531
vt 0.03125 0.375
vt 0.03125 0.3125
vt 0.90625 0.3125
vt 0.90625 0.375
vt 0.03125 0.3125
vt 0.03125 0.375
vt 0.90625 0.375
vt 0.90625 0.3125
vt 0.03125 0.375
vt 0.03125 0.3125
vt 0.90625 0.3125
vt 0.90625 0.375
vt 0.03125 0.3125
vt 0.03125 0.375
vt 0.90625 0.375
vt 0.90625 0.3125
vt 0.90625 0.375
vt 0.96875 0.375
vt 0.96875 0.3125
vt 0.90625 0.3125
vt 0.90625 0.375
vt 0.96875 0.375
vt 0.96875 0.3125
vt 0.90625 0.3125
vn 0.7071067811865476 -0.09229595564125724 -0.701057384649978
vn 0.7071067811865478 0.09229595564125727 0.7010573846499778
vn -0.7071067811865476 0.09229595564125724 0.701057384649978
vn -0.7071067811865478 -0.09229595564125727 -0.7010573846499778
vn -1.387778780781446e-17 0.9914448613738105 -0.1305261922200516
vn 1.387778780781446e-17 -0.9914448613738105 0.1305261922200516
usemtl m_4876dd57-4de4-0335-6936-bd5fb1154e8b
f 4/4/1 7/3/1 5/2/1 2/1/1
f 3/8/2 4/7/2 2/6/2 1/5/2
f 8/12/3 3/11/3 1/10/3 6/9/3
f 7/16/4 8/15/4 6/14/4 5/13/4
f 6/20/5 1/19/5 2/18/5 5/17/5
f 7/24/6 4/23/6 3/22/6 8/21/6
o tail2
v -0.06249999999999998 -0.3295672632095823 0.13434494080239562
v 0.06250000000000003 -0.3295672632095823 0.13434494080239556
v -0.06249999999999999 -0.3764422632095823 0.053155059197604486
v 0.0625 -0.3764422632095823 0.05315505919760446
v 0.062499999999999986 -0.05893432452694522 -0.021905059197604458
v -0.0625 -0.05893432452694522 -0.02190505919760443
v 0.06249999999999997 -0.10580932452694522 -0.10309494080239559
v -0.06250000000000003 -0.10580932452694522 -0.10309494080239556
vt 0.65625 0.21875
vt 0.96875 0.21875
vt 0.96875 0.125
vt 0.65625 0.125
vt 0.34375 0.03125
vt 0.34375 0.15625
vt 0.25 0.15625
vt 0.25 0.03125
vt 0.96875 0.21875
vt 0.65625 0.21875
vt 0.65625 0.125
vt 0.96875 0.125
vt 0.6875 0.03125
vt 0.6875 0.15625
vt 0.59375 0.15625
vt 0.59375 0.03125
vt 0.65625 0.15625
vt 0.96875 0.15625
vt 0.96875 0.03125
vt 0.65625 0.03125
vt 0.3125 0.15625
vt 0.625 0.15625
vt 0.625 0.03125
vt 0.3125 0.03125
vn 1 0 -2.220446049250313e-16
vn 1.1102230246251568e-16 -0.8660254037844386 0.5000000000000001
vn -1 0 2.220446049250313e-16
vn -1.1102230246251568e-16 0.8660254037844386 -0.5000000000000001
vn 1.9229626863835638e-16 0.5000000000000001 0.8660254037844386
vn -1.9229626863835638e-16 -0.5000000000000001 -0.8660254037844386
usemtl m_4876dd57-4de4-0335-6936-bd5fb1154e8b
f 12/28/7 15/27/7 13/26/7 10/25/7
f 11/32/8 12/31/8 10/30/8 9/29/8
f 16/36/9 11/35/9 9/34/9 14/33/9
f 15/40/10 16/39/10 14/38/10 13/37/10
f 14/44/11 9/43/11 10/42/11 13/41/11
f 15/48/12 12/47/12 11/46/12 16/45/12
o head
v -0.06249999999999997 1.6882216021427592 0.10986227260597338
v 0.06250000000000003 1.6882216021427592 0.10986227260597335
v -0.06249999999999997 1.5966938514752655 0.1301534864126705
v 0.06250000000000003 1.5966938514752655 0.1301534864126705
v 0.062499999999999986 1.6476391745293648 -0.07319322872901417
v -0.06250000000000001 1.6476391745293648 -0.07319322872901414
v 0.062499999999999986 1.5561114238618712 -0.05290201492231701
v -0.06250000000000001 1.5561114238618712 -0.052902014922316984
vt 0.96875 0.65625
vt 0.96875 0.84375
vt 0.875 0.84375
vt 0.875 0.65625
vt 0.78125 0.90625
vt 0.90625 0.90625
vt 0.90625 0.8125
vt 0.78125 0.8125
vt 0.71875 0.84375
vt 0.71875 0.65625
vt 0.8125 0.65625
vt 0.8125 0.84375
vt 0.78125 0.59375
vt 0.90625 0.59375
vt 0.90625 0.6875
vt 0.78125 0.6875
vt 0.78125 0.65625
vt 0.78125 0.84375
vt 0.90625 0.84375
vt 0.90625 0.65625
vt 0.78125 0.65625
vt 0.78125 0.84375
vt 0.90625 0.84375
vt 0.90625 0.65625
vn 1 0 -2.220446049250313e-16
vn 2.1678126119083116e-16 0.21643961393810288 0.9762960071199334
vn -1 0 2.220446049250313e-16
vn -2.1678126119083116e-16 -0.21643961393810288 -0.9762960071199334
vn -4.805924856701235e-17 0.9762960071199334 -0.21643961393810288
vn 4.805924856701235e-17 -0.9762960071199334 0.21643961393810288
usemtl m_8baac8e3-e2c4-9655-b9a1-ec75b427e9b0
f 20/52/13 23/51/13 21/50/13 18/49/13
f 19/56/14 20/55/14 18/54/14 17/53/14
f 24/60/15 19/59/15 17/58/15 22/57/15
f 23/64/16 24/63/16 22/62/16 21/61/16
f 22/68/17 17/67/17 18/66/17 21/65/17
f 23/72/18 20/71/18 19/70/18 24/69/18
o bend1
v -0.09374999999999997 1.8098065988046836 0.20427621883877975
v 0.09375000000000003 1.8098065988046836 0.2042762188387797
v -0.09374999999999994 1.7192510525900837 0.22854050431714107
v 0.09375000000000006 1.7192510525900837 0.228540504317141
v 0.09374999999999994 1.7127494568912385 -0.15794596601962094
v -0.09375000000000006 1.7127494568912385 -0.15794596601962088
v 0.09374999999999997 1.6221939106766383 -0.13368168054125962
v -0.09375000000000003 1.6221939106766383 -0.13368168054125956
vt 0.25 0.4375
vt 0.25 0.09375
vt 0.15625 0.09375
vt 0.15625 0.4375
vt 0 0.5
vt 0.1875 0.5
vt 0.1875 0.40625
vt 0 0.40625
vt 0.25 0.09375
vt 0.25 0.4375
vt 0.15625 0.4375
vt 0.15625 0.09375
vt 0 0.03125
vt 0.1875 0.03125
vt 0.1875 0.125
vt 0 0.125
vt 0.40625 0.09375
vt 0.40625 0.4375
vt 0.21875 0.4375
vt 0.21875 0.09375
vt 0 0.09375
vt 0 0.4375
vt 0.1875 0.4375
vt 0.1875 0.09375
vn 1 0 -2.220446049250313e-16
vn 2.144786184852406e-16 0.25881904510252074 0.9659258262890683
vn -1 0 2.220446049250313e-16
vn -2.144786184852406e-16 -0.25881904510252074 -0.9659258262890683
vn -5.746937261686308e-17 0.9659258262890683 -0.25881904510252074
vn 5.746937261686308e-17 -0.9659258262890683 0.25881904510252074
usemtl m_8baac8e3-e2c4-9655-b9a1-ec75b427e9b0
f 28/76/19 31/75/19 29/74/19 26/73/19
f 27/80/20 28/79/20 26/78/20 25/77/20
f 32/84/21 27/83/21 25/82/21 30/81/21
f 31/88/22 32/87/22 30/86/22 29/85/22
f 30/92/23 25/91/23 26/90/23 29/89/23
f 31/96/24 28/95/24 27/94/24 32/93/24
o bend3
v -0.09375000000000004 2.163252845698845 -0.15794584533676193
v 0.09374999999999996 2.163252845698845 -0.15794584533676193
v -0.09375000000000004 2.2538083919134455 -0.13368155985840063
v 0.09374999999999996 2.2538083919134455 -0.13368155985840063
v 0.09375000000000004 2.0661957037854 0.20427633952163865
v -0.09374999999999996 2.0661957037854 0.20427633952163868
v 0.09375000000000004 2.15675125 0.22854062499999994
v -0.09374999999999996 2.15675125 0.228540625
vt 0.5 0.59375
vt 0.5 0.9375
vt 0.40625 0.9375
vt 0.40625 0.59375
vt 0.4375 0.53125
vt 0.25 0.53125
vt 0.25 0.625
vt 0.4375 0.625
vt 0.5 0.9375
vt 0.5 0.59375
vt 0.40625 0.59375
vt 0.40625 0.9375
vt 0.4375 1
vt 0.25 1
vt 0.25 0.90625
vt 0.4375 0.90625
vt 0.46875 0.9375
vt 0.46875 0.59375
vt 0.65625 0.59375
vt 0.65625 0.9375
vt 0.25 0.9375
vt 0.25 0.59375
vt 0.4375 0.59375
vt 0.4375 0.9375
vn 1 0 -2.220446049250313e-16
vn -2.1447861848524062e-16 0.25881904510252063 -0.9659258262890684
vn -1 0 2.220446049250313e-16
vn 2.1447861848524062e-16 -0.25881904510252063 0.9659258262890684
vn -5.746937261686305e-17 -0.9659258262890684 -0.25881904510252063
vn 5.746937261686305e-17 0.9659258262890684 0.25881904510252063
usemtl m_8baac8e3-e2c4-9655-b9a1-ec75b427e9b0
f 36/100/25 39/99/25 37/98/25 34/97/25
f 35/104/26 36/103/26 34/102/26 33/101/26
f 40/108/27 35/107/27 33/106/27 38/105/27
f 39/112/28 40/111/28 38/110/28 37/109/28
f 38/116/29 33/115/29 34/114/29 37/113/29
f 39/120/30 36/119/30 35/118/30 40/117/30
o core
v -0.008016869631880589 1.9900050053681198 -0.0007043696318805789
v 0.038858130368119394 2.0037343750000005 -0.080725
v 0.038858130368119415 1.9099843750000003 0.013024999999999995
v 0.08573313036811939 1.9237137446318808 -0.06699563036811942
v -0.02743313036811945 1.9568593750000003 -0.1276
v -0.07430813036811944 1.9431300053681198 -0.047579369631880565
v 0.01944186963188055 1.8768387446318808 -0.11387063036811942
v -0.027433130368119438 1.8631093750000003 -0.03384999999999999
vt 0.8125 0.1875
vt 1 0.1875
vt 1 0
vt 0.8125 0
vt 0.8125 0.1875
vt 1 0.1875
vt 1 0
vt 0.8125 0
vt 0.8125 0.1875
vt 1 0.1875
vt 1 0
vt 0.8125 0
vt 0.8125 0.1875
vt 1 0.1875
vt 1 0
vt 0.8125 0
vt 0.8125 0.1875
vt 1 0.1875
vt 1 0
vt 0.8125 0
vt 0.8125 0
vt 0.8125 0.1875
vt 1 0.1875
vt 1 0
vn 0.4999999999999998 0.1464466094067262 -0.8535533905932738
vn 0.7071067811865477 0.5 0.49999999999999983
vn -0.4999999999999998 -0.1464466094067262 0.8535533905932738
vn -0.7071067811865477 -0.5 -0.49999999999999983
vn -0.5 0.8535533905932737 -0.1464466094067261
vn 0.5 -0.8535533905932737 0.1464466094067261
usemtl m_02ba5f05-074b-f9f4-ef62-67570f3d244e
f 44/124/31 47/123/31 45/122/31 42/121/31
f 43/128/32 44/127/32 42/126/32 41/125/32
f 48/132/33 43/131/33 41/130/33 46/129/33
f 47/136/34 48/135/34 46/134/34 45/133/34
f 46/140/35 41/139/35 42/138/35 45/137/35
f 47/144/36 44/143/36 43/142/36 48/141/36
o connection
v 1.734723475976807e-17 1.7220059777055319 0.10184235213001958
v 0.04419417382415922 1.7277744749331103 0.05802626558939594
v 3.469446951953614e-18 1.2882488508544898 0.04473714303374701
v 0.04419417382415921 1.2940173480820685 0.0009210564931233928
v 0 1.733542972160689 0.01421017904877234
v -0.04419417382415921 1.7277744749331103 0.05802626558939597
v -1.3877787807814457e-17 1.299785845309647 -0.04289503004750023
v -0.04419417382415922 1.2940173480820685 0.0009210564931234032
vt 0.03125 0.25
vt 0.03125 0.1875
vt 0.46875 0.1875
vt 0.46875 0.25
vt 0.03125 0.1875
vt 0.03125 0.25
vt 0.46875 0.25
vt 0.46875 0.1875
vt 0.03125 0.25
vt 0.03125 0.1875
vt 0.46875 0.1875
vt 0.46875 0.25
vt 0.03125 0.1875
vt 0.03125 0.25
vt 0.46875 0.25
vt 0.46875 0.1875
vn 0.7071067811865476 0.09229595564125724 -0.701057384649978
vn 0.7071067811865478 -0.09229595564125727 0.7010573846499778
vn -0.7071067811865476 -0.09229595564125724 0.701057384649978
vn -0.7071067811865478 0.09229595564125727 -0.7010573846499778
usemtl m_4876dd57-4de4-0335-6936-bd5fb1154e8b
f 52/148/37 55/147/37 53/146/37 50/145/37
f 51/152/38 52/151/38 50/150/38 49/149/38
f 56/156/39 51/155/39 49/154/39 54/153/39
f 55/160/40 56/159/40 54/158/40 53/157/40
o bend
v -0.10937499999999997 2.15675125 0.1347906250000001
v 0.10937500000000003 2.15675125 0.13479062500000005
v -0.10937499999999996 2.15675125 0.2285406250000001
v 0.10937500000000004 2.15675125 0.22854062500000008
v 0.10937500000000003 1.71925125 0.13479062499999997
v -0.10937499999999997 1.71925125 0.13479062500000003
v 0.10937500000000004 1.71925125 0.22854062499999997
v -0.10937499999999996 1.71925125 0.22854062500000003
vt 0.71875 0.5
vt 0.71875 0.0625
vt 0.625 0.0625
vt 0.625 0.5
vt 0.65625 0.5625
vt 0.4375 0.5625
vt 0.4375 0.46875
vt 0.65625 0.46875
vt 0.71875 0.0625
vt 0.71875 0.5
vt 0.625 0.5
vt 0.625 0.0625
vt 0.65625 0.09375
vt 0.4375 0.09375
vt 0.4375 0
vt 0.65625 0
vt 0.6875 0.0625
vt 0.6875 0.5
vt 0.90625 0.5
vt 0.90625 0.0625
vt 0.4375 0.0625
vt 0.4375 0.5
vt 0.65625 0.5
vt 0.65625 0.0625
vn 1 0 -2.220446049250313e-16
vn 4.930380657631324e-32 1 2.220446049250313e-16
vn -1 0 2.220446049250313e-16
vn -4.930380657631324e-32 -1 -2.220446049250313e-16
vn -2.220446049250313e-16 2.220446049250313e-16 -1
vn 2.220446049250313e-16 -2.220446049250313e-16 1
usemtl m_8baac8e3-e2c4-9655-b9a1-ec75b427e9b0
f 60/164/41 63/163/41 61/162/41 58/161/41
f 59/168/42 60/167/42 58/166/42 57/165/42
f 64/172/43 59/171/43 57/170/43 62/169/43
f 63/176/44 64/175/44 62/174/44 61/173/44
f 62/180/45 57/179/45 58/178/45 61/177/45
f 63/184/46 60/183/46 59/182/46 64/181/46
o core1
v -0.046874999999999986 1.867644042460429 0.09407862013518503
v 0.046875000000000014 1.867644042460429 0.094078620135185
v -0.04687499999999993 1.782139006629012 0.3290017753316621
v 0.04687500000000007 1.782139006629012 0.3290017753316621
v 0.04687500000000001 1.7795478592617502 0.062014231698403546
v -0.04687499999999999 1.7795478592617502 0.062014231698403574
v 0.04687500000000006 1.6940428234303329 0.29693738689488064
v -0.04687499999999994 1.6940428234303329 0.29693738689488064
vt 0.125 0.375
vt 0.3125 0.375
vt 0.3125 0.875
vt 0.125 0.875
vt 0 0.375
vt 0.1875 0.375
vt 0.1875 0.875
vt 0 0.875
vt 0.125 0.375
vt 0.3125 0.375
vt 0.3125 0.875
vt 0.125 0.875
vt 0 0.375
vt 0.1875 0.375
vt 0.1875 0.875
vt 0 0.875
vt 0 0.4375
vt 0.1875 0.4375
vt 0.1875 0.25
vt 0 0.25
vt 0.1875 0.8125
vt 0.1875 1
vt 0 1
vt 0 0.8125
vn 1 0 -2.220446049250313e-16
vn 7.594372760115073e-17 0.9396926207859083 0.3420201433256689
vn -1 0 2.220446049250313e-16
vn -7.594372760115073e-17 -0.9396926207859083 -0.3420201433256689
vn -2.0865367673337428e-16 0.3420201433256689 -0.9396926207859083
vn 2.0865367673337428e-16 -0.3420201433256689 0.9396926207859083
usemtl m_02ba5f05-074b-f9f4-ef62-67570f3d244e
f 68/188/47 71/187/47 69/186/47 66/185/47
f 67/192/48 68/191/48 66/190/48 65/189/48
f 72/196/49 67/195/49 65/194/49 70/193/49
f 71/200/50 72/199/50 70/198/50 69/197/50
f 70/204/51 65/203/51 66/202/51 69/201/51
f 71/208/52 68/207/52 67/206/52 72/205/52
o core2
v -0.046874999999999986 1.98175125 0.09729062499999999
v 0.046875000000000014 1.98175125 0.09729062499999996
v -0.04687499999999993 1.9817512499999999 0.34729062499999996
v 0.04687500000000007 1.9817512499999999 0.34729062499999996
v 0.046875000000000014 1.88800125 0.09729062499999994
v -0.046874999999999986 1.88800125 0.09729062499999996
v 0.04687500000000007 1.8880012499999999 0.34729062499999996
v -0.04687499999999993 1.8880012499999999 0.34729062499999996
vt 0.4375 0.375
vt 0.625 0.375
vt 0.625 0.875
vt 0.4375 0.875
vt 0.3125 0.375
vt 0.5 0.375
vt 0.5 0.875
vt 0.3125 0.875
vt 0.4375 0.375
vt 0.625 0.375
vt 0.625 0.875
vt 0.4375 0.875
vt 0.3125 0.375
vt 0.5 0.375
vt 0.5 0.875
vt 0.3125 0.875
vt 0.3125 0.4375
vt 0.5 0.4375
vt 0.5 0.25
vt 0.3125 0.25
vt 0.5 0.8125
vt 0.5 1
vt 0.3125 1
vt 0.3125 0.8125
vn 1 0 -2.220446049250313e-16
vn 4.930380657631324e-32 1 2.220446049250313e-16
vn -1 0 2.220446049250313e-16
vn -4.930380657631324e-32 -1 -2.220446049250313e-16
vn -2.220446049250313e-16 2.220446049250313e-16 -1
vn 2.220446049250313e-16 -2.220446049250313e-16 1
usemtl m_02ba5f05-074b-f9f4-ef62-67570f3d244e
f 76/212/53 79/211/53 77/210/53 74/209/53
f 75/216/54 76/215/54 74/214/54 73/213/54
f 80/220/55 75/219/55 73/218/55 78/217/55
f 79/224/56 80/223/56 78/222/56 77/221/56
f 78/228/57 73/227/57 74/226/57 77/225/57
f 79/232/58 76/231/58 75/230/58 80/229/58
o core3
v -0.04687499999999999 2.0898277196181616 0.05987660580261821
v 0.04687500000000001 2.0898277196181616 0.05987660580261818
v -0.04687499999999994 2.175332755449579 0.2947997609990953
v 0.04687500000000006 2.175332755449579 0.2947997609990953
v 0.046875000000000014 2.001731536419483 0.0919409942393996
v -0.046874999999999986 2.001731536419483 0.09194099423939962
v 0.04687500000000007 2.0872365722509 0.32686414943587666
v -0.04687499999999993 2.0872365722509 0.32686414943587666
vt 0.75 0.375
vt 0.9375 0.375
vt 0.9375 0.875
vt 0.75 0.875
vt 0.625 0.375
vt 0.8125 0.375
vt 0.8125 0.875
vt 0.625 0.875
vt 0.75 0.375
vt 0.9375 0.375
vt 0.9375 0.875
vt 0.75 0.875
vt 0.625 0.375
vt 0.8125 0.375
vt 0.8125 0.875
vt 0.625 0.875
vt 0.625 0.4375
vt 0.8125 0.4375
vt 0.8125 0.25
vt 0.625 0.25
vt 0.8125 0.8125
vt 0.8125 1
vt 0.625 1
vt 0.625 0.8125
vn 1 0 -2.220446049250313e-16
vn -7.594372760115066e-17 0.9396926207859085 -0.34202014332566855
vn -1 0 2.220446049250313e-16
vn 7.594372760115066e-17 -0.9396926207859085 0.34202014332566855
vn -2.0865367673337432e-16 -0.34202014332566855 -0.9396926207859085
vn 2.0865367673337432e-16 0.34202014332566855 0.9396926207859085
usemtl m_02ba5f05-074b-f9f4-ef62-67570f3d244e
f 84/236/59 87/235/59 85/234/59 82/233/59
f 83/240/60 84/239/60 82/238/60 81/237/60
f 88/244/61 83/243/61 81/242/61 86/241/61
f 87/248/62 88/247/62 86/246/62 85/245/62
f 86/252/63 81/251/63 82/250/63 85/249/63
f 87/256/64 84/255/64 83/254/64 88/253/64
o core3_overlay
v 0.05468750000000007 2.082570620085361 0.33687763620832645
v -0.05468749999999993 2.082570620085361 0.33687763620832645
v 0.054687500000000014 1.9917215195144802 0.08727178381206951
v -0.054687499999999986 1.9917215195144802 0.08727178381206954
v -0.05468749999999994 2.1853495004838197 0.2994691830320815
v 0.05468750000000006 2.1853495004838197 0.2994691830320815
v -0.05468749999999999 2.094500399912939 0.04986333063582456
v 0.05468750000000001 2.094500399912939 0.04986333063582453
vt 0.625 0.1875
vt 0.8125 0.1875
vt 0.8125 0
vt 0.625 0
vt 0.625 0.1875
vt 0.8125 0.1875
vt 0.8125 0
vt 0.625 0
vt 0.625 0.1875
vt 0.8125 0.1875
vt 0.8125 0
vt 0.625 0
vt 0.625 0.1875
vt 0.8125 0.1875
vt 0.8125 0
vt 0.625 0
vt 0.625 0.1875
vt 0.8125 0.1875
vt 0.8125 0
vt 0.625 0
vt 0.625 0
vt 0.625 0.1875
vt 0.8125 0.1875
vt 0.8125 0
vn 1 0 -2.220446049250313e-16
vn -7.594372760115066e-17 0.9396926207859085 -0.34202014332566855
vn -1 0 2.220446049250313e-16
vn 7.594372760115066e-17 -0.9396926207859085 0.34202014332566855
vn -2.0865367673337432e-16 -0.34202014332566855 -0.9396926207859085
vn 2.0865367673337432e-16 0.34202014332566855 0.9396926207859085
usemtl m_02ba5f05-074b-f9f4-ef62-67570f3d244e
f 92/260/65 95/259/65 93/258/65 90/257/65
f 91/264/66 92/263/66 90/262/66 89/261/66
f 96/268/67 91/267/67 89/266/67 94/265/67
f 95/272/68 96/271/68 94/270/68 93/269/68
f 94/276/69 89/275/69 90/274/69 93/273/69
f 95/280/70 92/279/70 91/278/70 96/277/70
o core2_overlay
v 0.054687500000000076 1.880191875 0.35510437500000014
v -0.054687499999999924 1.880191875 0.35510437500000014
v 0.054687500000000014 1.880191875 0.08947937500000011
v -0.054687499999999986 1.880191875 0.08947937500000014
v -0.054687499999999924 1.989566875 0.35510437500000014
v 0.054687500000000076 1.989566875 0.35510437500000014
v -0.054687499999999986 1.989566875 0.08947937500000017
v 0.054687500000000014 1.989566875 0.08947937500000014
vt 0.3125 0.1875
vt 0.5 0.1875
vt 0.5 0
vt 0.3125 0
vt 0.3125 0.1875
vt 0.5 0.1875
vt 0.5 0
vt 0.3125 0
vt 0.3125 0.1875
vt 0.5 0.1875
vt 0.5 0
vt 0.3125 0
vt 0.3125 0.1875
vt 0.5 0.1875
vt 0.5 0
vt 0.3125 0
vt 0.3125 0.1875
vt 0.5 0.1875
vt 0.5 0
vt 0.3125 0
vt 0.3125 0
vt 0.3125 0.1875
vt 0.5 0.1875
vt 0.5 0
vn 1 0 -2.220446049250313e-16
vn 4.930380657631324e-32 1 2.220446049250313e-16
vn -1 0 2.220446049250313e-16
vn -4.930380657631324e-32 -1 -2.220446049250313e-16
vn -2.220446049250313e-16 2.220446049250313e-16 -1
vn 2.220446049250313e-16 -2.220446049250313e-16 1
usemtl m_02ba5f05-074b-f9f4-ef62-67570f3d244e
f 100/284/71 103/283/71 101/282/71 98/281/71
f 99/288/72 100/287/72 98/286/72 97/285/72
f 104/292/73 99/291/73 97/290/73 102/289/73
f 103/296/74 104/295/74 102/294/74 101/293/74
f 102/300/75 97/299/75 98/298/75 101/297/75
f 103/304/76 100/303/76 99/302/76 104/301/76
o core1_overlay
v 0.05468750000000006 1.6840293322214652 0.3016090435724003
v -0.05468749999999994 1.6840293322214652 0.30160904357240037
v 0.05468750000000001 1.774878432792346 0.05200319117614344
v -0.05468749999999999 1.774878432792346 0.05200319117614344
v -0.05468749999999993 1.7868082126199238 0.33901749674864534
v 0.05468750000000007 1.7868082126199238 0.33901749674864534
v -0.054687499999999986 1.8776573131908048 0.08941164435238849
v 0.054687500000000014 1.8776573131908048 0.08941164435238846
vt 0 0.1875
vt 0.1875 0.1875
vt 0.1875 0
vt 0 0
vt 0 0.1875
vt 0.1875 0.1875
vt 0.1875 0
vt 0 0
vt 0 0.1875
vt 0.1875 0.1875
vt 0.1875 0
vt 0 0
vt 0 0.1875
vt 0.1875 0.1875
vt 0.1875 0
vt 0 0
vt 0 0.1875
vt 0.1875 0.1875
vt 0.1875 0
vt 0 0
vt 0 0
vt 0 0.1875
vt 0.1875 0.1875
vt 0.1875 0
vn 1 0 -2.220446049250313e-16
vn 7.594372760115073e-17 0.9396926207859083 0.3420201433256689
vn -1 0 2.220446049250313e-16
vn -7.594372760115073e-17 -0.9396926207859083 -0.3420201433256689
vn -2.0865367673337428e-16 0.3420201433256689 -0.9396926207859083
vn 2.0865367673337428e-16 -0.3420201433256689 0.9396926207859083
usemtl m_02ba5f05-074b-f9f4-ef62-67570f3d244e
f 108/308/77 111/307/77 109/306/77 106/305/77
f 107/312/78 108/311/78 106/310/78 105/309/78
f 112/316/79 107/315/79 105/314/79 110/313/79
f 111/320/80 112/319/80 110/318/80 109/317/80
f 110/324/81 105/323/81 106/322/81 109/321/81
f 111/328/82 108/327/82 107/326/82 112/325/82
o bend4
v -0.06250000000000006 2.070000566309783 -0.20632677412128997
v 0.06249999999999995 2.070000566309783 -0.20632677412129002
v -0.06250000000000006 2.1101747919151914 -0.2542045518162261
v 0.06249999999999994 2.1101747919151914 -0.25420455181622614
v 0.06249999999999998 2.2136338993945914 -0.08580409730506389
v -0.06250000000000003 2.2136338993945914 -0.08580409730506386
v 0.062499999999999965 2.253808125 -0.133681875
v -0.06250000000000003 2.253808125 -0.133681875
vt 0.15625 0.78125
vt 0.15625 0.96875
vt 0.09375 0.96875
vt 0.09375 0.78125
vt 0.125 0.75
vt 0 0.75
vt 0 0.8125
vt 0.125 0.8125
vt 0.15625 0.96875
vt 0.15625 0.78125
vt 0.09375 0.78125
vt 0.09375 0.96875
vt 0.125 1
vt 0 1
vt 0 0.9375
vt 0.125 0.9375
vt 0.125 0.96875
vt 0.125 0.78125
vt 0.25 0.78125
vt 0.25 0.96875
vt 0 0.96875
vt 0 0.78125
vt 0.125 0.78125
vt 0.125 0.96875
vn 1 0 -2.220446049250313e-16
vn -1.4272752084355284e-16 -0.766044443118978 -0.6427876096865393
vn -1 0 2.220446049250313e-16
vn 1.4272752084355284e-16 0.766044443118978 0.6427876096865393
vn 1.700960357273691e-16 -0.6427876096865393 0.766044443118978
vn -1.700960357273691e-16 0.6427876096865393 -0.766044443118978
usemtl m_8baac8e3-e2c4-9655-b9a1-ec75b427e9b0
f 116/332/83 119/331/83 117/330/83 114/329/83
f 115/336/84 116/335/84 114/334/84 113/333/84
f 120/340/85 115/339/85 113/338/85 118/337/85
f 119/344/86 120/343/86 118/342/86 117/341/86
f 118/348/87 113/347/87 114/346/87 117/345/87
f 119/352/88 116/351/88 115/350/88 120/349/88
o bend0
v -0.06250000000000003 1.6623679756054086 -0.08580409730506386
v 0.06249999999999998 1.6623679756054086 -0.08580409730506389
v -0.06250000000000003 1.6221937499999999 -0.133681875
v 0.062499999999999965 1.6221937499999999 -0.133681875
v 0.06249999999999995 1.806001308690217 -0.20632677412129002
v -0.06250000000000006 1.806001308690217 -0.20632677412128997
v 0.06249999999999994 1.7658270830848082 -0.25420455181622614
v -0.06250000000000006 1.7658270830848082 -0.2542045518162261
vt 0.09375 0.5625
vt 0.09375 0.75
vt 0.15625 0.75
vt 0.15625 0.5625
vt 0.125 0.59375
vt 0 0.59375
vt 0 0.53125
vt 0.125 0.53125
vt 0.09375 0.75
vt 0.09375 0.5625
vt 0.15625 0.5625
vt 0.15625 0.75
vt 0.125 0.71875
vt 0 0.71875
vt 0 0.78125
vt 0.125 0.78125
vt 0 0.75
vt 0 0.5625
vt 0.125 0.5625
vt 0.125 0.75
vt 0.125 0.75
vt 0.125 0.5625
vt 0.25 0.5625
vt 0.25 0.75
vn 1 0 -2.220446049250313e-16
vn 1.4272752084355284e-16 -0.766044443118978 0.6427876096865393
vn -1 0 2.220446049250313e-16
vn -1.4272752084355284e-16 0.766044443118978 -0.6427876096865393
vn 1.700960357273691e-16 0.6427876096865393 0.766044443118978
vn -1.700960357273691e-16 -0.6427876096865393 -0.766044443118978
usemtl m_8baac8e3-e2c4-9655-b9a1-ec75b427e9b0
f 124/356/89 127/355/89 125/354/89 122/353/89
f 123/360/90 124/359/90 122/358/90 121/357/90
f 128/364/91 123/363/91 121/362/91 126/361/91
f 127/368/92 128/367/92 126/366/92 125/365/92
f 126/372/93 121/371/93 122/370/93 125/369/93
f 127/376/94 124/375/94 123/374/94 128/373/94
o core_overlay
v 0.02173009790386064 1.8674082229038609 -0.12330115209613932
v -0.032957402096139336 1.8513906250000003 -0.029943749999999984
v -0.03295740209613936 1.9607656250000003 -0.13931875
v -0.08764490209613933 1.9447480270961397 -0.04596134790386066
v 0.04438240209613932 1.9060781250000003 0.024743749999999995
v 0.09906990209613929 1.9220957229038609 -0.06861365209613934
v -0.01030509790386068 1.9994355270961397 0.00872615209613932
v 0.04438240209613929 2.015453125 -0.08463125000000002
vt 0.8125 0.375
vt 1 0.375
vt 1 0.1875
vt 0.8125 0.1875
vt 0.8125 0.375
vt 1 0.375
vt 1 0.1875
vt 0.8125 0.1875
vt 0.8125 0.375
vt 1 0.375
vt 1 0.1875
vt 0.8125 0.1875
vt 0.8125 0.375
vt 1 0.375
vt 1 0.1875
vt 0.8125 0.1875
vt 0.8125 0.375
vt 1 0.375
vt 1 0.1875
vt 0.8125 0.1875
vt 0.8125 0.1875
vt 0.8125 0.375
vt 1 0.375
vt 1 0.1875
vn 0.4999999999999998 0.1464466094067262 -0.8535533905932738
vn 0.7071067811865477 0.5 0.49999999999999983
vn -0.4999999999999998 -0.1464466094067262 0.8535533905932738
vn -0.7071067811865477 -0.5 -0.49999999999999983
vn -0.5 0.8535533905932737 -0.1464466094067261
vn 0.5 -0.8535533905932737 0.1464466094067261
usemtl m_02ba5f05-074b-f9f4-ef62-67570f3d244e
f 132/380/95 135/379/95 133/378/95 130/377/95
f 131/384/96 132/383/96 130/382/96 129/381/96
f 136/388/97 131/387/97 129/386/97 134/385/97
f 135/392/98 136/391/98 134/390/98 133/389/98
f 134/396/99 129/395/99 130/394/99 133/393/99
f 135/400/100 132/399/100 131/398/100 136/397/100
o body1
v 3.469446951953614e-18 0.7625 0.04419417382415922
v 0.04419417382415921 0.7625 -3.469446951953614e-18
v 3.469446951953614e-18 -0.17500000000000004 0.04419417382415922
v 0.04419417382415921 -0.17500000000000004 -3.469446951953614e-18
v -1.734723475976807e-17 0.7625 -0.04419417382415921
v -0.04419417382415922 0.7625 1.734723475976807e-17
v -1.734723475976807e-17 -0.17500000000000004 -0.04419417382415921
v -0.04419417382415922 -0.17500000000000004 1.734723475976807e-17
vt 0.03125 0.3125
vt 0.03125 0.25
vt 0.96875 0.25
vt 0.96875 0.3125
vt 0.03125 0.25
vt 0.03125 0.3125
vt 0.96875 0.3125
vt 0.96875 0.25
vt 0.03125 0.3125
vt 0.03125 0.25
vt 0.96875 0.25
vt 0.96875 0.3125
vt 0.03125 0.25
vt 0.03125 0.3125
vt 0.96875 0.3125
vt 0.96875 0.25
vn 0.7071067811865474 0 -0.7071067811865477
vn 0.7071067811865477 0 0.7071067811865474
vn -0.7071067811865474 0 0.7071067811865477
vn -0.7071067811865477 0 -0.7071067811865474
usemtl m_4876dd57-4de4-0335-6936-bd5fb1154e8b
f 140/404/101 143/403/101 141/402/101 138/401/101
f 139/408/102 140/407/102 138/406/102 137/405/102
f 144/412/103 139/411/103 137/410/103 142/409/103
f 143/416/104 144/415/104 142/414/104 141/413/104
o body2
v 3.469446951953614e-18 1.2625000000000002 0.04419417382415922
v 0.04419417382415921 1.2625000000000002 -3.469446951953614e-18
v 3.469446951953614e-18 0.7625000000000002 0.04419417382415922
v 0.04419417382415921 0.7625000000000002 -3.469446951953614e-18
v -1.734723475976807e-17 1.2625000000000002 -0.04419417382415921
v -0.04419417382415922 1.2625000000000002 1.734723475976807e-17
v -1.734723475976807e-17 0.7625000000000002 -0.04419417382415921
v -0.04419417382415922 0.7625000000000002 1.734723475976807e-17
vt 0.3437499999999998 0.5625
vt 0.3437499999999998 0.5
vt 0.84375 0.5
vt 0.84375 0.5625
vt 0.3437499999999998 0.5
vt 0.3437499999999998 0.5625
vt 0.84375 0.5625
vt 0.84375 0.5
vt 0.3437499999999998 0.5625
vt 0.3437499999999998 0.5
vt 0.84375 0.5
vt 0.84375 0.5625
vt 0.3437499999999998 0.5
vt 0.3437499999999998 0.5625
vt 0.84375 0.5625
vt 0.84375 0.5
vn 0.7071067811865474 0 -0.7071067811865477
vn 0.7071067811865477 0 0.7071067811865474
vn -0.7071067811865474 0 0.7071067811865477
vn -0.7071067811865477 0 -0.7071067811865474
usemtl m_4876dd57-4de4-0335-6936-bd5fb1154e8b
f 148/420/105 151/419/105 149/418/105 146/417/105
f 147/424/106 148/423/106 146/422/106 145/421/106
f 152/428/107 147/427/107 145/426/107 150/425/107
f 151/432/108 152/431/108 150/430/108 149/429/108
o body3
v 3.469446951953614e-18 1.5750000000000002 0.04419417382415922
v 0.04419417382415921 1.5750000000000002 -3.469446951953614e-18
v 3.469446951953614e-18 1.2625000000000002 0.04419417382415922
v 0.04419417382415921 1.2625000000000002 -3.469446951953614e-18
v -1.734723475976807e-17 1.5750000000000002 -0.04419417382415921
v -0.04419417382415922 1.5750000000000002 1.734723475976807e-17
v -1.734723475976807e-17 1.2625000000000002 -0.04419417382415921
v -0.04419417382415922 1.2625000000000002 1.734723475976807e-17
vt 0.03125 0.5625
vt 0.03125 0.5
vt 0.3437499999999998 0.5
vt 0.3437499999999998 0.5625
vt 0.03125 0.5
vt 0.03125 0.5625
vt 0.3437499999999998 0.5625
vt 0.3437499999999998 0.5
vt 0.03125 0.5625
vt 0.03125 0.5
vt 0.3437499999999998 0.5
vt 0.3437499999999998 0.5625
vt 0.03125 0.5
vt 0.03125 0.5625
vt 0.3437499999999998 0.5625
vt 0.3437499999999998 0.5
vn 0.7071067811865474 0 -0.7071067811865477
vn 0.7071067811865477 0 0.7071067811865474
vn -0.7071067811865474 0 0.7071067811865477
vn -0.7071067811865477 0 -0.7071067811865474
usemtl m_4876dd57-4de4-0335-6936-bd5fb1154e8b
f 156/436/109 159/435/109 157/434/109 154/433/109
f 155/440/110 156/439/110 154/438/110 153/437/110
f 160/444/111 155/443/111 153/442/111 158/441/111
f 159/448/112 160/447/112 158/446/112 157/445/112
o overlay
v 3.469446951953614e-18 1.2625 0.04861359120657515
v 0.04861359120657514 1.2625 -3.469446951953614e-18
v 3.469446951953614e-18 0.7625 0.04861359120657515
v 0.04861359120657514 0.7625 -3.469446951953614e-18
v -1.734723475976807e-17 1.2625 -0.04861359120657514
v -0.04861359120657515 1.2625 1.734723475976807e-17
v -1.734723475976807e-17 0.7625 -0.04861359120657514
v -0.04861359120657515 0.7625 1.734723475976807e-17
vt 0.34375 0.5
vt 0.34375 0.4375
vt 0.84375 0.4375
vt 0.84375 0.5
vt 0.34375 0.4375
vt 0.34375 0.5
vt 0.84375 0.5
vt 0.84375 0.4375
vt 0.34375 0.5
vt 0.34375 0.4375
vt 0.84375 0.4375
vt 0.84375 0.5
vt 0.34375 0.4375
vt 0.34375 0.5
vt 0.84375 0.5
vt 0.84375 0.4375
vn 0.7071067811865474 0 -0.7071067811865477
vn 0.7071067811865477 0 0.7071067811865474
vn -0.7071067811865474 0 0.7071067811865477
vn -0.7071067811865477 0 -0.7071067811865474
usemtl m_4876dd57-4de4-0335-6936-bd5fb1154e8b
f 164/452/113 167/451/113 165/450/113 162/449/113
f 163/456/114 164/455/114 162/454/114 161/453/114
f 168/460/115 163/459/115 161/458/115 166/457/115
f 167/464/116 168/463/116 166/462/116 165/461/116