# Made in Blockbench 4.12.5
mtllib staff2.mtl

o bend
v -0.10937499999999997 2.15675125 0.1347906250000001
v 0.10937500000000003 2.15675125 0.13479062500000005
v -0.10937499999999996 2.15675125 0.2285406250000001
v 0.10937500000000004 2.15675125 0.22854062500000008
v 0.10937500000000003 1.71925125 0.13479062499999997
v -0.10937499999999997 1.71925125 0.13479062500000003
v 0.10937500000000004 1.71925125 0.22854062499999997
v -0.10937499999999996 1.71925125 0.22854062500000003
vt 0.703125 0.96875
vt 0.703125 0.75
vt 0.65625 0.75
vt 0.65625 0.96875
vt 0.671875 1
vt 0.5625 1
vt 0.5625 0.953125
vt 0.671875 0.953125
vt 0.703125 0.75
vt 0.703125 0.96875
vt 0.65625 0.96875
vt 0.65625 0.75
vt 0.671875 0.765625
vt 0.5625 0.765625
vt 0.5625 0.71875
vt 0.671875 0.71875
vt 0.6875 0.75
vt 0.6875 0.96875
vt 0.796875 0.96875
vt 0.796875 0.75
vt 0.5625 0.75
vt 0.5625 0.96875
vt 0.671875 0.96875
vt 0.671875 0.75
vn 1 0 -2.220446049250313e-16
vn 4.930380657631324e-32 1 2.220446049250313e-16
vn -1 0 2.220446049250313e-16
vn -4.930380657631324e-32 -1 -2.220446049250313e-16
vn -2.220446049250313e-16 2.220446049250313e-16 -1
vn 2.220446049250313e-16 -2.220446049250313e-16 1
usemtl m_36290df2-7cc6-01a0-645c-2c59a90ec1fc
f 4/4/1 7/3/1 5/2/1 2/1/1
f 3/8/2 4/7/2 2/6/2 1/5/2
f 8/12/3 3/11/3 1/10/3 6/9/3
f 7/16/4 8/15/4 6/14/4 5/13/4
f 6/20/5 1/19/5 2/18/5 5/17/5
f 7/24/6 4/23/6 3/22/6 8/21/6
o core3
v -0.04687499999999999 2.0898277196181616 0.059876605802618235
v 0.04687500000000001 2.0898277196181616 0.05987660580261821
v -0.04687499999999994 2.175332755449579 0.2947997609990953
v 0.04687500000000006 2.175332755449579 0.2947997609990953
v 0.046875000000000014 2.001731536419483 0.0919409942393996
v -0.046874999999999986 2.001731536419483 0.09194099423939962
v 0.04687500000000007 2.0872365722509 0.32686414943587666
v -0.04687499999999993 2.0872365722509 0.32686414943587666
vt 0.1875 0.84375
vt 0.234375 0.84375
vt 0.234375 0.96875
vt 0.1875 0.96875
vt 0.15625 0.84375
vt 0.203125 0.84375
vt 0.203125 0.96875
vt 0.15625 0.96875
vt 0.1875 0.84375
vt 0.234375 0.84375
vt 0.234375 0.96875
vt 0.1875 0.96875
vt 0.15625 0.84375
vt 0.203125 0.84375
vt 0.203125 0.96875
vt 0.15625 0.96875
vt 0.15625 0.859375
vt 0.203125 0.859375
vt 0.203125 0.8125
vt 0.15625 0.8125
vt 0.203125 0.953125
vt 0.203125 1
vt 0.15625 1
vt 0.15625 0.953125
vn 1 0 -2.220446049250313e-16
vn -7.594372760115066e-17 0.9396926207859085 -0.34202014332566855
vn -1 0 2.220446049250313e-16
vn 7.594372760115066e-17 -0.9396926207859085 0.34202014332566855
vn -2.0865367673337432e-16 -0.34202014332566855 -0.9396926207859085
vn 2.0865367673337432e-16 0.34202014332566855 0.9396926207859085
usemtl m_36290df2-7cc6-01a0-645c-2c59a90ec1fc
f 12/28/7 15/27/7 13/26/7 10/25/7
f 11/32/8 12/31/8 10/30/8 9/29/8
f 16/36/9 11/35/9 9/34/9 14/33/9
f 15/40/10 16/39/10 14/38/10 13/37/10
f 14/44/11 9/43/11 10/42/11 13/41/11
f 15/48/12 12/47/12 11/46/12 16/45/12
o core3_overlay
v 0.05468750000000007 2.082570620085361 0.33687763620832645
v -0.05468749999999993 2.082570620085361 0.33687763620832645
v 0.054687500000000014 1.9917215195144802 0.08727178381206951
v -0.054687499999999986 1.9917215195144802 0.08727178381206954
v -0.05468749999999994 2.1853495004838197 0.2994691830320815
v 0.05468750000000006 2.1853495004838197 0.2994691830320815
v -0.05468749999999999 2.094500399912939 0.049863330635824564
v 0.05468750000000001 2.094500399912939 0.049863330635824536
vt 0.109375 0.296875
vt 0.21875 0.296875
vt 0.21875 0.1875
vt 0.109375 0.1875
vt 0.109375 0.296875
vt 0.21875 0.296875
vt 0.21875 0.1875
vt 0.109375 0.1875
vt 0.109375 0.296875
vt 0.21875 0.296875
vt 0.21875 0.1875
vt 0.109375 0.1875
vt 0.109375 0.296875
vt 0.21875 0.296875
vt 0.21875 0.1875
vt 0.109375 0.1875
vt 0.109375 0.296875
vt 0.21875 0.296875
vt 0.21875 0.1875
vt 0.109375 0.1875
vt 0.109375 0.1875
vt 0.109375 0.296875
vt 0.21875 0.296875
vt 0.21875 0.1875
vn 1 0 -2.220446049250313e-16
vn -7.594372760115066e-17 0.9396926207859085 -0.34202014332566855
vn -1 0 2.220446049250313e-16
vn 7.594372760115066e-17 -0.9396926207859085 0.34202014332566855
vn -2.0865367673337432e-16 -0.34202014332566855 -0.9396926207859085
vn 2.0865367673337432e-16 0.34202014332566855 0.9396926207859085
usemtl m_36290df2-7cc6-01a0-645c-2c59a90ec1fc
f 20/52/13 23/51/13 21/50/13 18/49/13
f 19/56/14 20/55/14 18/54/14 17/53/14
f 24/60/15 19/59/15 17/58/15 22/57/15
f 23/64/16 24/63/16 22/62/16 21/61/16
f 22/68/17 17/67/17 18/66/17 21/65/17
f 23/72/18 20/71/18 19/70/18 24/69/18
o core1_overlay
v 0.05468750000000006 1.6840293322214652 0.30160904357240026
v -0.05468749999999994 1.6840293322214652 0.3016090435724003
v 0.05468750000000001 1.774878432792346 0.05200319117614341
v -0.05468749999999999 1.774878432792346 0.05200319117614341
v -0.05468749999999993 1.786808212619924 0.33901749674864534
v 0.05468750000000007 1.786808212619924 0.33901749674864534
v -0.054687499999999986 1.8776573131908048 0.08941164435238848
v 0.054687500000000014 1.8776573131908048 0.08941164435238845
vt 0.109375 0.40625
vt 0.21875 0.40625
vt 0.21875 0.296875
vt 0.109375 0.296875
vt 0.109375 0.40625
vt 0.21875 0.40625
vt 0.21875 0.296875
vt 0.109375 0.296875
vt 0.109375 0.40625
vt 0.21875 0.40625
vt 0.21875 0.296875
vt 0.109375 0.296875
vt 0.109375 0.40625
vt 0.21875 0.40625
vt 0.21875 0.296875
vt 0.109375 0.296875
vt 0.109375 0.40625
vt 0.21875 0.40625
vt 0.21875 0.296875
vt 0.109375 0.296875
vt 0.109375 0.296875
vt 0.109375 0.40625
vt 0.21875 0.40625
vt 0.21875 0.296875
vn 1 0 -2.220446049250313e-16
vn 7.594372760115073e-17 0.9396926207859083 0.3420201433256689
vn -1 0 2.220446049250313e-16
vn -7.594372760115073e-17 -0.9396926207859083 -0.3420201433256689
vn -2.0865367673337428e-16 0.3420201433256689 -0.9396926207859083
vn 2.0865367673337428e-16 -0.3420201433256689 0.9396926207859083
usemtl m_36290df2-7cc6-01a0-645c-2c59a90ec1fc
f 28/76/19 31/75/19 29/74/19 26/73/19
f 27/80/20 28/79/20 26/78/20 25/77/20
f 32/84/21 27/83/21 25/82/21 30/81/21
f 31/88/22 32/87/22 30/86/22 29/85/22
f 30/92/23 25/91/23 26/90/23 29/89/23
f 31/96/24 28/95/24 27/94/24 32/93/24
o core1
v -0.046874999999999986 1.867644042460429 0.09407862013518505
v 0.046875000000000014 1.867644042460429 0.09407862013518502
v -0.04687499999999993 1.782139006629012 0.3290017753316621
v 0.04687500000000007 1.782139006629012 0.3290017753316621
v 0.04687500000000001 1.7795478592617502 0.062014231698403546
v -0.04687499999999999 1.7795478592617502 0.062014231698403574
v 0.04687500000000006 1.6940428234303329 0.29693738689488064
v -0.04687499999999994 1.6940428234303329 0.29693738689488064
vt 0.03125 0.84375
vt 0.078125 0.84375
vt 0.078125 0.96875
vt 0.03125 0.96875
vt 0 0.84375
vt 0.046875 0.84375
vt 0.046875 0.96875
vt 0 0.96875
vt 0.03125 0.84375
vt 0.078125 0.84375
vt 0.078125 0.96875
vt 0.03125 0.96875
vt 0 0.84375
vt 0.046875 0.84375
vt 0.046875 0.96875
vt 0 0.96875
vt 0 0.859375
vt 0.046875 0.859375
vt 0.046875 0.8125
vt 0 0.8125
vt 0.046875 0.953125
vt 0.046875 1
vt 0 1
vt 0 0.953125
vn 1 0 -2.220446049250313e-16
vn 7.594372760115073e-17 0.9396926207859083 0.3420201433256689
vn -1 0 2.220446049250313e-16
vn -7.594372760115073e-17 -0.9396926207859083 -0.3420201433256689
vn -2.0865367673337428e-16 0.3420201433256689 -0.9396926207859083
vn 2.0865367673337428e-16 -0.3420201433256689 0.9396926207859083
usemtl m_36290df2-7cc6-01a0-645c-2c59a90ec1fc
f 36/100/25 39/99/25 37/98/25 34/97/25
f 35/104/26 36/103/26 34/102/26 33/101/26
f 40/108/27 35/107/27 33/106/27 38/105/27
f 39/112/28 40/111/28 38/110/28 37/109/28
f 38/116/29 33/115/29 34/114/29 37/113/29
f 39/120/30 36/119/30 35/118/30 40/117/30
o core2
v -0.046874999999999986 1.98175125 0.09729062499999999
v 0.046875000000000014 1.98175125 0.09729062499999996
v -0.04687499999999993 1.9817512499999999 0.34729062499999996
v 0.04687500000000007 1.9817512499999999 0.34729062499999996
v 0.046875000000000014 1.88800125 0.09729062499999994
v -0.046874999999999986 1.88800125 0.09729062499999996
v 0.04687500000000007 1.8880012499999999 0.34729062499999996
v -0.04687499999999993 1.8880012499999999 0.34729062499999996
vt 0.109375 0.84375
vt 0.15625 0.84375
vt 0.15625 0.96875
vt 0.109375 0.96875
vt 0.078125 0.84375
vt 0.125 0.84375
vt 0.125 0.96875
vt 0.078125 0.96875
vt 0.109375 0.84375
vt 0.15625 0.84375
vt 0.15625 0.96875
vt 0.109375 0.96875
vt 0.078125 0.84375
vt 0.125 0.84375
vt 0.125 0.96875
vt 0.078125 0.96875
vt 0.078125 0.859375
vt 0.125 0.859375
vt 0.125 0.8125
vt 0.078125 0.8125
vt 0.125 0.953125
vt 0.125 1
vt 0.078125 1
vt 0.078125 0.953125
vn 1 0 -2.220446049250313e-16
vn 4.930380657631324e-32 1 2.220446049250313e-16
vn -1 0 2.220446049250313e-16
vn -4.930380657631324e-32 -1 -2.220446049250313e-16
vn -2.220446049250313e-16 2.220446049250313e-16 -1
vn 2.220446049250313e-16 -2.220446049250313e-16 1
usemtl m_36290df2-7cc6-01a0-645c-2c59a90ec1fc
f 44/124/31 47/123/31 45/122/31 42/121/31
f 43/128/32 44/127/32 42/126/32 41/125/32
f 48/132/33 43/131/33 41/130/33 46/129/33
f 47/136/34 48/135/34 46/134/34 45/133/34
f 46/140/35 41/139/35 42/138/35 45/137/35
f 47/144/36 44/143/36 43/142/36 48/141/36
o core2_overlay
v 0.054687500000000076 1.880191875 0.35510437500000014
v -0.054687499999999924 1.880191875 0.35510437500000014
v 0.054687500000000014 1.880191875 0.08947937500000011
v -0.054687499999999986 1.880191875 0.08947937500000014
v -0.054687499999999924 1.989566875 0.35510437500000014
v 0.054687500000000076 1.989566875 0.35510437500000014
v -0.054687499999999986 1.989566875 0.08947937500000017
v 0.054687500000000014 1.989566875 0.08947937500000014
vt 0 0.296875
vt 0.109375 0.296875
vt 0.109375 0.1875
vt 0 0.1875
vt 0 0.296875
vt 0.109375 0.296875
vt 0.109375 0.1875
vt 0 0.1875
vt 0 0.296875
vt 0.109375 0.296875
vt 0.109375 0.1875
vt 0 0.1875
vt 0 0.296875
vt 0.109375 0.296875
vt 0.109375 0.1875
vt 0 0.1875
vt 0 0.296875
vt 0.109375 0.296875
vt 0.109375 0.1875
vt 0 0.1875
vt 0 0.1875
vt 0 0.296875
vt 0.109375 0.296875
vt 0.109375 0.1875
vn 1 0 -2.220446049250313e-16
vn 4.930380657631324e-32 1 2.220446049250313e-16
vn -1 0 2.220446049250313e-16
vn -4.930380657631324e-32 -1 -2.220446049250313e-16
vn -2.220446049250313e-16 2.220446049250313e-16 -1
vn 2.220446049250313e-16 -2.220446049250313e-16 1
usemtl m_36290df2-7cc6-01a0-645c-2c59a90ec1fc
f 52/148/37 55/147/37 53/146/37 50/145/37
f 51/152/38 52/151/38 50/150/38 49/149/38
f 56/156/39 51/155/39 49/154/39 54/153/39
f 55/160/40 56/159/40 54/158/40 53/157/40
f 54/164/41 49/163/41 50/162/41 53/161/41
f 55/168/42 52/167/42 51/166/42 56/165/42
o body
v 3.469446951953614e-18 1.575 0.04419417382415922
v 0.04419417382415921 1.575 -3.469446951953614e-18
v 3.469446951953614e-18 -0.17500000000000004 0.04419417382415922
v 0.04419417382415921 -0.17500000000000004 -3.469446951953614e-18
v -1.734723475976807e-17 1.575 -0.04419417382415921
v -0.04419417382415922 1.575 1.734723475976807e-17
v -1.734723475976807e-17 -0.17500000000000004 -0.04419417382415921
v -0.04419417382415922 -0.17500000000000004 1.734723475976807e-17
vt 0 0.640625
vt 0 0.609375
vt 0.875 0.609375
vt 0.875 0.640625
vt 0 0.609375
vt 0 0.640625
vt 0.875 0.640625
vt 0.875 0.609375
vt 0 0.640625
vt 0 0.609375
vt 0.875 0.609375
vt 0.875 0.640625
vt 0 0.609375
vt 0 0.640625
vt 0.875 0.640625
vt 0.875 0.609375
vt 0.046875 1
vt 0.0625 1
vt 0.0625 0.984375
vt 0.046875 0.984375
vt 0.046875 1
vt 0.0625 1
vt 0.0625 0.984375
vt 0.046875 0.984375
vn 0.7071067811865474 0 -0.7071067811865477
vn 0.7071067811865477 0 0.7071067811865474
vn -0.7071067811865474 0 0.7071067811865477
vn -0.7071067811865477 0 -0.7071067811865474
vn 0 1 0
vn 0 -1 0
usemtl m_36290df2-7cc6-01a0-645c-2c59a90ec1fc
f 60/172/43 63/171/43 61/170/43 58/169/43
f 59/176/44 60/175/44 58/174/44 57/173/44
f 64/180/45 59/179/45 57/178/45 62/177/45
f 63/184/46 64/183/46 62/182/46 61/181/46
f 62/188/47 57/187/47 58/186/47 61/185/47
f 63/192/48 60/191/48 59/190/48 64/189/48
o tail1
v 3.469446951953614e-18 0.14300114914551007 0.044737143033747026
v 0.04419417382415921 0.1372326519179315 0.0009210564931233997
v 3.122502256758253e-17 -0.6625478007207107 0.15078967421253892
v 0.04419417382415924 -0.6683162979482894 0.10697358767191528
v -1.3877787807814457e-17 0.1314641546903529 -0.04289503004750023
v -0.04419417382415922 0.1372326519179315 0.0009210564931234066
v 1.3877787807814457e-17 -0.6740847951758681 0.06315750113129168
v -0.044194173824159196 -0.6683162979482894 0.10697358767191531
vt 0.40625 0.671875
vt 0.40625 0.640625
vt 0.84375 0.640625
vt 0.84375 0.671875
vt 0.40625 0.640625
vt 0.40625 0.671875
vt 0.84375 0.671875
vt 0.84375 0.640625
vt 0.40625 0.671875
vt 0.40625 0.640625
vt 0.84375 0.640625
vt 0.84375 0.671875
vt 0.40625 0.640625
vt 0.40625 0.671875
vt 0.84375 0.671875
vt 0.84375 0.640625
vt 0.84375 0.671875
vt 0.875 0.671875
vt 0.875 0.640625
vt 0.84375 0.640625
vt 0.84375 0.671875
vt 0.875 0.671875
vt 0.875 0.640625
vt 0.84375 0.640625
vn 0.7071067811865476 -0.09229595564125724 -0.701057384649978
vn 0.7071067811865478 0.09229595564125727 0.7010573846499778
vn -0.7071067811865476 0.09229595564125724 0.701057384649978
vn -0.7071067811865478 -0.09229595564125727 -0.7010573846499778
vn -1.387778780781446e-17 0.9914448613738105 -0.1305261922200516
vn 1.387778780781446e-17 -0.9914448613738105 0.1305261922200516
usemtl m_36290df2-7cc6-01a0-645c-2c59a90ec1fc
f 68/196/49 71/195/49 69/194/49 66/193/49
f 67/200/50 68/199/50 66/198/50 65/197/50
f 72/204/51 67/203/51 65/202/51 70/201/51
f 71/208/52 72/207/52 70/206/52 69/205/52
f 70/212/53 65/211/53 66/210/53 69/209/53
f 71/216/54 68/215/54 67/214/54 72/213/54
o tail2
v -0.06249999999999998 -0.3295672632095823 0.13434494080239562
v 0.06250000000000003 -0.3295672632095823 0.13434494080239556
v -0.06249999999999999 -0.3764422632095823 0.053155059197604486
v 0.0625 -0.3764422632095823 0.05315505919760446
v 0.062499999999999986 -0.05893432452694522 -0.021905059197604458
v -0.0625 -0.05893432452694522 -0.02190505919760443
v 0.06249999999999997 -0.10580932452694522 -0.10309494080239559
v -0.06250000000000003 -0.10580932452694522 -0.10309494080239556
vt 0.84375 0.59375
vt 1 0.59375
vt 1 0.546875
vt 0.84375 0.546875
vt 0.6875 0.5
vt 0.6875 0.5625
vt 0.640625 0.5625
vt 0.640625 0.5
vt 1 0.59375
vt 0.84375 0.59375
vt 0.84375 0.546875
vt 1 0.546875
vt 0.859375 0.5
vt 0.859375 0.5625
vt 0.8125 0.5625
vt 0.8125 0.5
vt 0.84375 0.5625
vt 1 0.5625
vt 1 0.5
vt 0.84375 0.5
vt 0.671875 0.5625
vt 0.828125 0.5625
vt 0.828125 0.5
vt 0.671875 0.5
vn 1 0 -2.220446049250313e-16
vn 1.1102230246251568e-16 -0.8660254037844386 0.5000000000000001
vn -1 0 2.220446049250313e-16
vn -1.1102230246251568e-16 0.8660254037844386 -0.5000000000000001
vn 1.9229626863835638e-16 0.5000000000000001 0.8660254037844386
vn -1.9229626863835638e-16 -0.5000000000000001 -0.8660254037844386
usemtl m_36290df2-7cc6-01a0-645c-2c59a90ec1fc
f 76/220/55 79/219/55 77/218/55 74/217/55
f 75/224/56 76/223/56 74/222/56 73/221/56
f 80/228/57 75/227/57 73/226/57 78/225/57
f 79/232/58 80/231/58 78/230/58 77/229/58
f 78/236/59 73/235/59 74/234/59 77/233/59
f 79/240/60 76/239/60 75/238/60 80/237/60
o head
v -0.06249999999999997 1.6882216021427592 0.10986227260597338
v 0.06250000000000003 1.6882216021427592 0.10986227260597335
v -0.06249999999999997 1.5966938514752655 0.1301534864126705
v 0.06250000000000003 1.5966938514752655 0.1301534864126705
v 0.062499999999999986 1.6476391745293648 -0.07319322872901417
v -0.06250000000000001 1.6476391745293648 -0.07319322872901414
v 0.062499999999999986 1.5561114238618712 -0.05290201492231701
v -0.06250000000000001 1.5561114238618712 -0.052902014922316984
vt 0.125 0.671875
vt 0.125 0.765625
vt 0.078125 0.765625
vt 0.078125 0.671875
vt 0.03125 0.796875
vt 0.09375 0.796875
vt 0.09375 0.75
vt 0.03125 0.75
vt 0 0.765625
vt 0 0.671875
vt 0.046875 0.671875
vt 0.046875 0.765625
vt 0.03125 0.640625
vt 0.09375 0.640625
vt 0.09375 0.6875
vt 0.03125 0.6875
vt 0.03125 0.671875
vt 0.03125 0.765625
vt 0.09375 0.765625
vt 0.09375 0.671875
vt 0.03125 0.671875
vt 0.03125 0.765625
vt 0.09375 0.765625
vt 0.09375 0.671875
vn 1 0 -2.220446049250313e-16
vn 2.1678126119083116e-16 0.21643961393810288 0.9762960071199334
vn -1 0 2.220446049250313e-16
vn -2.1678126119083116e-16 -0.21643961393810288 -0.9762960071199334
vn -4.805924856701235e-17 0.9762960071199334 -0.21643961393810288
vn 4.805924856701235e-17 -0.9762960071199334 0.21643961393810288
usemtl m_36290df2-7cc6-01a0-645c-2c59a90ec1fc
f 84/244/61 87/243/61 85/242/61 82/241/61
f 83/248/62 84/247/62 82/246/62 81/245/62
f 88/252/63 83/251/63 81/250/63 86/249/63
f 87/256/64 88/255/64 86/254/64 85/253/64
f 86/260/65 81/259/65 82/258/65 85/257/65
f 87/264/66 84/263/66 83/262/66 88/261/66
o bend1
v -0.09374999999999997 1.8098065988046836 0.20427621883877975
v 0.09375000000000003 1.8098065988046836 0.2042762188387797
v -0.09374999999999994 1.7192510525900837 0.22854050431714107
v 0.09375000000000006 1.7192510525900837 0.228540504317141
v 0.09374999999999994 1.7127494568912385 -0.15794596601962094
v -0.09375000000000006 1.7127494568912385 -0.15794596601962088
v 0.09374999999999997 1.6221939106766383 -0.13368168054125962
v -0.09375000000000003 1.6221939106766383 -0.13368168054125956
vt 0.921875 0.96875
vt 0.921875 0.796875
vt 0.875 0.796875
vt 0.875 0.96875
vt 0.796875 1
vt 0.890625 1
vt 0.890625 0.953125
vt 0.796875 0.953125
vt 0.921875 0.796875
vt 0.921875 0.96875
vt 0.875 0.96875
vt 0.875 0.796875
vt 0.796875 0.765625
vt 0.890625 0.765625
vt 0.890625 0.8125
vt 0.796875 0.8125
vt 1 0.796875
vt 1 0.96875
vt 0.90625 0.96875
vt 0.90625 0.796875
vt 0.796875 0.796875
vt 0.796875 0.96875
vt 0.890625 0.96875
vt 0.890625 0.796875
vn 1 0 -2.220446049250313e-16
vn 2.144786184852406e-16 0.25881904510252074 0.9659258262890683
vn -1 0 2.220446049250313e-16
vn -2.144786184852406e-16 -0.25881904510252074 -0.9659258262890683
vn -5.746937261686308e-17 0.9659258262890683 -0.25881904510252074
vn 5.746937261686308e-17 -0.9659258262890683 0.25881904510252074
usemtl m_36290df2-7cc6-01a0-645c-2c59a90ec1fc
f 92/268/67 95/267/67 93/266/67 90/265/67
f 91/272/68 92/271/68 90/270/68 89/269/68
f 96/276/69 91/275/69 89/274/69 94/273/69
f 95/280/70 96/279/70 94/278/70 93/277/70
f 94/284/71 89/283/71 90/282/71 93/281/71
f 95/288/72 92/287/72 91/286/72 96/285/72
o bend3
v -0.09375000000000004 2.163252845698845 -0.15794584533676193
v 0.09374999999999996 2.163252845698845 -0.15794584533676193
v -0.09375000000000004 2.2538083919134455 -0.13368155985840063
v 0.09374999999999996 2.2538083919134455 -0.13368155985840063
v 0.09375000000000004 2.0661957037854 0.20427633952163865
v -0.09374999999999996 2.0661957037854 0.20427633952163868
v 0.09375000000000004 2.15675125 0.22854062499999994
v -0.09374999999999996 2.15675125 0.228540625
vt 0.484375 0.796875
vt 0.484375 0.96875
vt 0.4375 0.96875
vt 0.4375 0.796875
vt 0.453125 0.765625
vt 0.359375 0.765625
vt 0.359375 0.8125
vt 0.453125 0.8125
vt 0.484375 0.96875
vt 0.484375 0.796875
vt 0.4375 0.796875
vt 0.4375 0.96875
vt 0.453125 1
vt 0.359375 1
vt 0.359375 0.953125
vt 0.453125 0.953125
vt 0.46875 0.96875
vt 0.46875 0.796875
vt 0.5625 0.796875
vt 0.5625 0.96875
vt 0.359375 0.96875
vt 0.359375 0.796875
vt 0.453125 0.796875
vt 0.453125 0.96875
vn 1 0 -2.220446049250313e-16
vn -2.1447861848524062e-16 0.25881904510252063 -0.9659258262890684
vn -1 0 2.220446049250313e-16
vn 2.1447861848524062e-16 -0.25881904510252063 0.9659258262890684
vn -5.746937261686305e-17 -0.9659258262890684 -0.25881904510252063
vn 5.746937261686305e-17 0.9659258262890684 0.25881904510252063
usemtl m_36290df2-7cc6-01a0-645c-2c59a90ec1fc
f 100/292/73 103/291/73 101/290/73 98/289/73
f 99/296/74 100/295/74 98/294/74 97/293/74
f 104/300/75 99/299/75 97/298/75 102/297/75
f 103/304/76 104/303/76 102/302/76 101/301/76
f 102/308/77 97/307/77 98/306/77 101/305/77
f 103/312/78 100/311/78 99/310/78 104/309/78
o bend0
v -0.06250000000000003 1.6623679756054086 -0.08580409730506386
v 0.06249999999999998 1.6623679756054086 -0.08580409730506389
v -0.06250000000000003 1.6221937499999999 -0.133681875
v 0.062499999999999965 1.6221937499999999 -0.133681875
v 0.06249999999999995 1.806001308690217 -0.20632677412129002
v -0.06250000000000006 1.806001308690217 -0.20632677412128997
v 0.06249999999999994 1.7658270830848082 -0.25420455181622614
v -0.06250000000000006 1.7658270830848082 -0.2542045518162261
vt 0.28125 0.75
vt 0.28125 0.84375
vt 0.3125 0.84375
vt 0.3125 0.75
vt 0.296875 0.765625
vt 0.234375 0.765625
vt 0.234375 0.734375
vt 0.296875 0.734375
vt 0.28125 0.84375
vt 0.28125 0.75
vt 0.3125 0.75
vt 0.3125 0.84375
vt 0.296875 0.828125
vt 0.234375 0.828125
vt 0.234375 0.859375
vt 0.296875 0.859375
vt 0.234375 0.84375
vt 0.234375 0.75
vt 0.296875 0.75
vt 0.296875 0.84375
vt 0.296875 0.84375
vt 0.296875 0.75
vt 0.359375 0.75
vt 0.359375 0.84375
vn 1 0 -2.220446049250313e-16
vn 1.4272752084355284e-16 -0.766044443118978 0.6427876096865393
vn -1 0 2.220446049250313e-16
vn -1.4272752084355284e-16 0.766044443118978 -0.6427876096865393
vn 1.700960357273691e-16 0.6427876096865393 0.766044443118978
vn -1.700960357273691e-16 -0.6427876096865393 -0.766044443118978
usemtl m_36290df2-7cc6-01a0-645c-2c59a90ec1fc
f 108/316/79 111/315/79 109/314/79 106/313/79
f 107/320/80 108/319/80 106/318/80 105/317/80
f 112/324/81 107/323/81 105/322/81 110/321/81
f 111/328/82 112/327/82 110/326/82 109/325/82
f 110/332/83 105/331/83 106/330/83 109/329/83
f 111/336/84 108/335/84 107/334/84 112/333/84
o bend4
v -0.06250000000000006 2.070000566309783 -0.20632677412128997
v 0.06249999999999995 2.070000566309783 -0.20632677412129002
v -0.06250000000000006 2.1101747919151914 -0.2542045518162261
v 0.06249999999999994 2.1101747919151914 -0.25420455181622614
v 0.06249999999999998 2.2136338993945914 -0.08580409730506389
v -0.06250000000000003 2.2136338993945914 -0.08580409730506386
v 0.062499999999999965 2.253808125 -0.133681875
v -0.06250000000000003 2.253808125 -0.133681875
vt 0.3125 0.890625
vt 0.3125 0.984375
vt 0.28125 0.984375
vt 0.28125 0.890625
vt 0.296875 0.875
vt 0.234375 0.875
vt 0.234375 0.90625
vt 0.296875 0.90625
vt 0.3125 0.984375
vt 0.3125 0.890625
vt 0.28125 0.890625
vt 0.28125 0.984375
vt 0.296875 1
vt 0.234375 1
vt 0.234375 0.96875
vt 0.296875 0.96875
vt 0.296875 0.984375
vt 0.296875 0.890625
vt 0.359375 0.890625
vt 0.359375 0.984375
vt 0.234375 0.984375
vt 0.234375 0.890625
vt 0.296875 0.890625
vt 0.296875 0.984375
vn 1 0 -2.220446049250313e-16
vn -1.4272752084355284e-16 -0.766044443118978 -0.6427876096865393
vn -1 0 2.220446049250313e-16
vn 1.4272752084355284e-16 0.766044443118978 0.6427876096865393
vn 1.700960357273691e-16 -0.6427876096865393 0.766044443118978
vn -1.700960357273691e-16 0.6427876096865393 -0.766044443118978
usemtl m_36290df2-7cc6-01a0-645c-2c59a90ec1fc
f 116/340/85 119/339/85 117/338/85 114/337/85
f 115/344/86 116/343/86 114/342/86 113/341/86
f 120/348/87 115/347/87 113/346/87 118/345/87
f 119/352/88 120/351/88 118/350/88 117/349/88
f 118/356/89 113/355/89 114/354/89 117/353/89
f 119/360/90 116/359/90 115/358/90 120/357/90
o connection
v 1.734723475976807e-17 1.7220059777055319 0.10184235213001958
v 0.04419417382415922 1.7277744749331103 0.05802626558939594
v 3.469446951953614e-18 1.2882488508544898 0.04473714303374701
v 0.04419417382415921 1.2940173480820685 0.0009210564931233928
v 0 1.733542972160689 0.01421017904877234
v -0.04419417382415921 1.7277744749331103 0.05802626558939597
v -1.3877787807814457e-17 1.299785845309647 -0.04289503004750023
v -0.04419417382415922 1.2940173480820685 0.0009210564931234032
vt 0.40625 0.609375
vt 0.40625 0.578125
vt 0.625 0.578125
vt 0.625 0.609375
vt 0.40625 0.578125
vt 0.40625 0.609375
vt 0.625 0.609375
vt 0.625 0.578125
vt 0.40625 0.609375
vt 0.40625 0.578125
vt 0.625 0.578125
vt 0.625 0.609375
vt 0.40625 0.578125
vt 0.40625 0.609375
vt 0.625 0.609375
vt 0.625 0.578125
vt 0 1
vt 0.015625 1
vt 0.015625 0.984375
vt 0 0.984375
vt 0 1
vt 0.015625 1
vt 0.015625 0.984375
vt 0 0.984375
vn 0.7071067811865476 0.09229595564125724 -0.701057384649978
vn 0.7071067811865478 -0.09229595564125727 0.7010573846499778
vn -0.7071067811865476 -0.09229595564125724 0.701057384649978
vn -0.7071067811865478 0.09229595564125727 -0.7010573846499778
vn 1.387778780781446e-17 0.9914448613738105 0.1305261922200516
vn -1.387778780781446e-17 -0.9914448613738105 -0.1305261922200516
usemtl m_36290df2-7cc6-01a0-645c-2c59a90ec1fc
f 124/364/91 127/363/91 125/362/91 122/361/91
f 123/368/92 124/367/92 122/366/92 121/365/92
f 128/372/93 123/371/93 121/370/93 126/369/93
f 127/376/94 128/375/94 126/374/94 125/373/94
f 126/380/95 121/379/95 122/378/95 125/377/95
f 127/384/96 124/383/96 123/382/96 128/381/96
o overlay
v 3.469446951953614e-18 1.2625 0.04861359120657515
v 0.04861359120657514 1.2625 -3.469446951953614e-18
v 3.469446951953614e-18 0.7625 0.04861359120657515
v 0.04861359120657514 0.7625 -3.469446951953614e-18
v -1.734723475976807e-17 1.2625 -0.04861359120657514
v -0.04861359120657515 1.2625 1.734723475976807e-17
v -1.734723475976807e-17 0.7625 -0.04861359120657514
v -0.04861359120657515 0.7625 1.734723475976807e-17
vt 0.15625 0.609375
vt 0.15625 0.578125
vt 0.40625 0.578125
vt 0.40625 0.609375
vt 0.15625 0.578125
vt 0.15625 0.609375
vt 0.40625 0.609375
vt 0.40625 0.578125
vt 0.15625 0.609375
vt 0.15625 0.578125
vt 0.40625 0.578125
vt 0.40625 0.609375
vt 0.15625 0.578125
vt 0.15625 0.609375
vt 0.40625 0.609375
vt 0.40625 0.578125
vt 0.046875 1
vt 0.0625 1
vt 0.0625 0.984375
vt 0.046875 0.984375
vt 0.046875 1
vt 0.0625 1
vt 0.0625 0.984375
vt 0.046875 0.984375
vn 0.7071067811865474 0 -0.7071067811865477
vn 0.7071067811865477 0 0.7071067811865474
vn -0.7071067811865474 0 0.7071067811865477
vn -0.7071067811865477 0 -0.7071067811865474
vn 0 1 0
vn 0 -1 0
usemtl m_36290df2-7cc6-01a0-645c-2c59a90ec1fc
f 132/388/97 135/387/97 133/386/97 130/385/97
f 131/392/98 132/391/98 130/390/98 129/389/98
f 136/396/99 131/395/99 129/394/99 134/393/99
f 135/400/100 136/399/100 134/398/100 133/397/100
f 134/404/101 129/403/101 130/402/101 133/401/101
f 135/408/102 132/407/102 131/406/102 136/405/102
o core_overlay
v 0.01830582617584073 1.8563070761758411 -0.13440354882415922
v -0.04419417382415925 1.8380012500000003 -0.027709374999999974
v -0.04419417382415928 1.9630012500000003 -0.15270937499999998
v -0.10669417382415924 1.9446954238241594 -0.046015201175840736
v 0.04419417382415921 1.9005012500000003 0.03479062500000002
v 0.10669417382415919 1.9188070761758411 -0.07190354882415922
v -0.018305826175840787 2.0071954238241596 0.016484798824159236
v 0.044194173824159196 2.0255012500000005 -0.09020937500000001
vt 0 0.40625
vt 0.109375 0.40625
vt 0.109375 0.296875
vt 0 0.296875
vt 0 0.40625
vt 0.109375 0.40625
vt 0.109375 0.296875
vt 0 0.296875
vt 0 0.40625
vt 0.109375 0.40625
vt 0.109375 0.296875
vt 0 0.296875
vt 0 0.40625
vt 0.109375 0.40625
vt 0.109375 0.296875
vt 0 0.296875
vt 0 0.40625
vt 0.109375 0.40625
vt 0.109375 0.296875
vt 0 0.296875
vt 0 0.40625
vt 0.109375 0.40625
vt 0.109375 0.296875
vt 0 0.296875
vn 0.4999999999999998 0.1464466094067262 -0.8535533905932738
vn 0.7071067811865477 0.5 0.49999999999999983
vn -0.4999999999999998 -0.1464466094067262 0.8535533905932738
vn -0.7071067811865477 -0.5 -0.49999999999999983
vn -0.5 0.8535533905932737 -0.1464466094067261
vn 0.5 -0.8535533905932737 0.1464466094067261
usemtl m_36290df2-7cc6-01a0-645c-2c59a90ec1fc
f 140/412/103 143/411/103 141/410/103 138/409/103
f 139/416/104 140/415/104 138/414/104 137/413/104
f 144/420/105 139/419/105 137/418/105 142/417/105
f 143/424/106 144/423/106 142/422/106 141/421/106
f 142/428/107 137/427/107 138/426/107 141/425/107
f 143/432/108 140/431/108 139/430/108 144/429/108
o core
v -0.008016869631880589 1.9900050053681195 -0.0007043696318805651
v 0.0388581303681194 2.003734375 -0.08072500000000002
v 0.038858130368119415 1.909984375 0.013025000000000009
v 0.0857331303681194 1.9237137446318806 -0.06699563036811944
v -0.027433130368119438 1.956859375 -0.1276
v -0.07430813036811944 1.9431300053681195 -0.04757936963188055
v 0.01944186963188056 1.8768387446318806 -0.11387063036811942
v -0.027433130368119438 1.863109375 -0.03384999999999998
vt 0 0.859375
vt 0.046875 0.859375
vt 0.046875 0.8125
vt 0 0.8125
vt 0 0.859375
vt 0.046875 0.859375
vt 0.046875 0.8125
vt 0 0.8125
vt 0 0.859375
vt 0.046875 0.859375
vt 0.046875 0.8125
vt 0 0.8125
vt 0 0.859375
vt 0.046875 0.859375
vt 0.046875 0.8125
vt 0 0.8125
vt 0 0.859375
vt 0.046875 0.859375
vt 0.046875 0.8125
vt 0 0.8125
vt 0 0.859375
vt 0.046875 0.859375
vt 0.046875 0.8125
vt 0 0.8125
vn 0.4999999999999998 0.1464466094067262 -0.8535533905932738
vn 0.7071067811865477 0.5 0.49999999999999983
vn -0.4999999999999998 -0.1464466094067262 0.8535533905932738
vn -0.7071067811865477 -0.5 -0.49999999999999983
vn -0.5 0.8535533905932737 -0.1464466094067261
vn 0.5 -0.8535533905932737 0.1464466094067261
usemtl m_36290df2-7cc6-01a0-645c-2c59a90ec1fc
f 148/436/109 151/435/109 149/434/109 146/433/109
f 147/440/110 148/439/110 146/438/110 145/437/110
f 152/444/111 147/443/111 145/442/111 150/441/111
f 151/448/112 152/447/112 150/446/112 149/445/112
f 150/452/113 145/451/113 146/450/113 149/449/113
f 151/456/114 148/455/114 147/454/114 152/453/114