# Made in Blockbench 4.12.5
mtllib staff2.mtl

o body1
v 3.469446951953614e-18 0.7625 0.04419417382415922
v 0.04419417382415921 0.7625 -3.469446951953614e-18
v 3.469446951953614e-18 -0.17500000000000004 0.04419417382415922
v 0.04419417382415921 -0.17500000000000004 -3.469446951953614e-18
v -1.734723475976807e-17 0.7625 -0.04419417382415921
v -0.04419417382415922 0.7625 1.734723475976807e-17
v -1.734723475976807e-17 -0.17500000000000004 -0.04419417382415921
v -0.04419417382415922 -0.17500000000000004 1.734723475976807e-17
vt 0.03125 0.3125
vt 0.03125 0.25
vt 0.96875 0.25
vt 0.96875 0.3125
vt 0.03125 0.25
vt 0.03125 0.3125
vt 0.96875 0.3125
vt 0.96875 0.25
vt 0.03125 0.3125
vt 0.03125 0.25
vt 0.96875 0.25
vt 0.96875 0.3125
vt 0.03125 0.25
vt 0.03125 0.3125
vt 0.96875 0.3125
vt 0.96875 0.25
vn 0.7071067811865474 0 -0.7071067811865477
vn 0.7071067811865477 0 0.7071067811865474
vn -0.7071067811865474 0 0.7071067811865477
vn -0.7071067811865477 0 -0.7071067811865474
usemtl m_4876dd57-4de4-0335-6936-bd5fb1154e8b
f 4/4/1 7/3/1 5/2/1 2/1/1
f 3/8/2 4/7/2 2/6/2 1/5/2
f 8/12/3 3/11/3 1/10/3 6/9/3
f 7/16/4 8/15/4 6/14/4 5/13/4
o tail1
v 3.469446951953614e-18 0.14300114914551007 0.044737143033747026
v 0.04419417382415921 0.1372326519179315 0.0009210564931233997
v 3.122502256758253e-17 -0.6625478007207107 0.15078967421253892
v 0.04419417382415924 -0.6683162979482894 0.10697358767191528
v -1.3877787807814457e-17 0.1314641546903529 -0.04289503004750023
v -0.04419417382415922 0.1372326519179315 0.0009210564931234066
v 1.3877787807814457e-17 -0.6740847951758681 0.06315750113129168
v -0.044194173824159196 -0.6683162979482894 0.10697358767191531
vt 0.03125 0.375
vt 0.03125 0.3125
vt 0.90625 0.3125
vt 0.90625 0.375
vt 0.03125 0.3125
vt 0.03125 0.375
vt 0.90625 0.375
vt 0.90625 0.3125
vt 0.03125 0.375
vt 0.03125 0.3125
vt 0.90625 0.3125
vt 0.90625 0.375
vt 0.03125 0.3125
vt 0.03125 0.375
vt 0.90625 0.375
vt 0.90625 0.3125
vt 0.90625 0.375
vt 0.96875 0.375
vt 0.96875 0.3125
vt 0.90625 0.3125
vt 0.90625 0.375
vt 0.96875 0.375
vt 0.96875 0.3125
vt 0.90625 0.3125
vn 0.7071067811865476 -0.09229595564125724 -0.701057384649978
vn 0.7071067811865478 0.09229595564125727 0.7010573846499778
vn -0.7071067811865476 0.09229595564125724 0.701057384649978
vn -0.7071067811865478 -0.09229595564125727 -0.7010573846499778
vn -1.387778780781446e-17 0.9914448613738105 -0.1305261922200516
vn 1.387778780781446e-17 -0.9914448613738105 0.1305261922200516
usemtl m_4876dd57-4de4-0335-6936-bd5fb1154e8b
f 12/20/5 15/19/5 13/18/5 10/17/5
f 11/24/6 12/23/6 10/22/6 9/21/6
f 16/28/7 11/27/7 9/26/7 14/25/7
f 15/32/8 16/31/8 14/30/8 13/29/8
f 14/36/9 9/35/9 10/34/9 13/33/9
f 15/40/10 12/39/10 11/38/10 16/37/10
o tail2
v -0.06249999999999998 -0.3295672632095823 0.13434494080239562
v 0.06250000000000003 -0.3295672632095823 0.13434494080239556
v -0.06249999999999999 -0.3764422632095823 0.053155059197604486
v 0.0625 -0.3764422632095823 0.05315505919760446
v 0.062499999999999986 -0.05893432452694522 -0.021905059197604458
v -0.0625 -0.05893432452694522 -0.02190505919760443
v 0.06249999999999997 -0.10580932452694522 -0.10309494080239559
v -0.06250000000000003 -0.10580932452694522 -0.10309494080239556
vt 0.65625 0.21875
vt 0.96875 0.21875
vt 0.96875 0.125
vt 0.65625 0.125
vt 0.34375 0.03125
vt 0.34375 0.15625
vt 0.25 0.15625
vt 0.25 0.03125
vt 0.96875 0.21875
vt 0.65625 0.21875
vt 0.65625 0.125
vt 0.96875 0.125
vt 0.6875 0.03125
vt 0.6875 0.15625
vt 0.59375 0.15625
vt 0.59375 0.03125
vt 0.65625 0.15625
vt 0.96875 0.15625
vt 0.96875 0.03125
vt 0.65625 0.03125
vt 0.3125 0.15625
vt 0.625 0.15625
vt 0.625 0.03125
vt 0.3125 0.03125
vn 1 0 -2.220446049250313e-16
vn 1.1102230246251568e-16 -0.8660254037844386 0.5000000000000001
vn -1 0 2.220446049250313e-16
vn -1.1102230246251568e-16 0.8660254037844386 -0.5000000000000001
vn 1.9229626863835638e-16 0.5000000000000001 0.8660254037844386
vn -1.9229626863835638e-16 -0.5000000000000001 -0.8660254037844386
usemtl m_4876dd57-4de4-0335-6936-bd5fb1154e8b
f 20/44/11 23/43/11 21/42/11 18/41/11
f 19/48/12 20/47/12 18/46/12 17/45/12
f 24/52/13 19/51/13 17/50/13 22/49/13
f 23/56/14 24/55/14 22/54/14 21/53/14
f 22/60/15 17/59/15 18/58/15 21/57/15
f 23/64/16 20/63/16 19/62/16 24/61/16
o head
v -0.06249999999999997 1.6882216021427592 0.10986227260597338
v 0.06250000000000003 1.6882216021427592 0.10986227260597335
v -0.06249999999999997 1.5966938514752655 0.1301534864126705
v 0.06250000000000003 1.5966938514752655 0.1301534864126705
v 0.062499999999999986 1.6476391745293648 -0.07319322872901417
v -0.06250000000000001 1.6476391745293648 -0.07319322872901414
v 0.062499999999999986 1.5561114238618712 -0.05290201492231701
v -0.06250000000000001 1.5561114238618712 -0.052902014922316984
vt 0.96875 0.65625
vt 0.96875 0.84375
vt 0.875 0.84375
vt 0.875 0.65625
vt 0.78125 0.90625
vt 0.90625 0.90625
vt 0.90625 0.8125
vt 0.78125 0.8125
vt 0.71875 0.84375
vt 0.71875 0.65625
vt 0.8125 0.65625
vt 0.8125 0.84375
vt 0.78125 0.59375
vt 0.90625 0.59375
vt 0.90625 0.6875
vt 0.78125 0.6875
vt 0.78125 0.65625
vt 0.78125 0.84375
vt 0.90625 0.84375
vt 0.90625 0.65625
vt 0.78125 0.65625
vt 0.78125 0.84375
vt 0.90625 0.84375
vt 0.90625 0.65625
vn 1 0 -2.220446049250313e-16
vn 2.1678126119083116e-16 0.21643961393810288 0.9762960071199334
vn -1 0 2.220446049250313e-16
vn -2.1678126119083116e-16 -0.21643961393810288 -0.9762960071199334
vn -4.805924856701235e-17 0.9762960071199334 -0.21643961393810288
vn 4.805924856701235e-17 -0.9762960071199334 0.21643961393810288
usemtl m_8baac8e3-e2c4-9655-b9a1-ec75b427e9b0
f 28/68/17 31/67/17 29/66/17 26/65/17
f 27/72/18 28/71/18 26/70/18 25/69/18
f 32/76/19 27/75/19 25/74/19 30/73/19
f 31/80/20 32/79/20 30/78/20 29/77/20
f 30/84/21 25/83/21 26/82/21 29/81/21
f 31/88/22 28/87/22 27/86/22 32/85/22
o connection
v 1.734723475976807e-17 1.7220059777055319 0.10184235213001958
v 0.04419417382415922 1.7277744749331103 0.05802626558939594
v 3.469446951953614e-18 1.2882488508544898 0.04473714303374701
v 0.04419417382415921 1.2940173480820685 0.0009210564931233928
v 0 1.733542972160689 0.01421017904877234
v -0.04419417382415921 1.7277744749331103 0.05802626558939597
v -1.3877787807814457e-17 1.299785845309647 -0.04289503004750023
v -0.04419417382415922 1.2940173480820685 0.0009210564931234032
vt 0.03125 0.25
vt 0.03125 0.1875
vt 0.46875 0.1875
vt 0.46875 0.25
vt 0.03125 0.1875
vt 0.03125 0.25
vt 0.46875 0.25
vt 0.46875 0.1875
vt 0.03125 0.25
vt 0.03125 0.1875
vt 0.46875 0.1875
vt 0.46875 0.25
vt 0.03125 0.1875
vt 0.03125 0.25
vt 0.46875 0.25
vt 0.46875 0.1875
vn 0.7071067811865476 0.09229595564125724 -0.701057384649978
vn 0.7071067811865478 -0.09229595564125727 0.7010573846499778
vn -0.7071067811865476 -0.09229595564125724 0.701057384649978
vn -0.7071067811865478 0.09229595564125727 -0.7010573846499778
usemtl m_4876dd57-4de4-0335-6936-bd5fb1154e8b
f 36/92/23 39/91/23 37/90/23 34/89/23
f 35/96/24 36/95/24 34/94/24 33/93/24
f 40/100/25 35/99/25 33/98/25 38/97/25
f 39/104/26 40/103/26 38/102/26 37/101/26
o overlay
v 3.469446951953614e-18 1.2625 0.04861359120657515
v 0.04861359120657514 1.2625 -3.469446951953614e-18
v 3.469446951953614e-18 0.7625 0.04861359120657515
v 0.04861359120657514 0.7625 -3.469446951953614e-18
v -1.734723475976807e-17 1.2625 -0.04861359120657514
v -0.04861359120657515 1.2625 1.734723475976807e-17
v -1.734723475976807e-17 0.7625 -0.04861359120657514
v -0.04861359120657515 0.7625 1.734723475976807e-17
vt 0.34375 0.5
vt 0.34375 0.4375
vt 0.84375 0.4375
vt 0.84375 0.5
vt 0.34375 0.4375
vt 0.34375 0.5
vt 0.84375 0.5
vt 0.84375 0.4375
vt 0.34375 0.5
vt 0.34375 0.4375
vt 0.84375 0.4375
vt 0.84375 0.5
vt 0.34375 0.4375
vt 0.34375 0.5
vt 0.84375 0.5
vt 0.84375 0.4375
vn 0.7071067811865474 0 -0.7071067811865477
vn 0.7071067811865477 0 0.7071067811865474
vn -0.7071067811865474 0 0.7071067811865477
vn -0.7071067811865477 0 -0.7071067811865474
usemtl m_4876dd57-4de4-0335-6936-bd5fb1154e8b
f 44/108/27 47/107/27 45/106/27 42/105/27
f 43/112/28 44/111/28 42/110/28 41/109/28
f 48/116/29 43/115/29 41/114/29 46/113/29
f 47/120/30 48/119/30 46/118/30 45/117/30
o body2
v 3.469446951953614e-18 1.2625 0.04419417382415922
v 0.04419417382415921 1.2625 -3.469446951953614e-18
v 3.469446951953614e-18 0.7625 0.04419417382415922
v 0.04419417382415921 0.7625 -3.469446951953614e-18
v -1.734723475976807e-17 1.2625 -0.04419417382415921
v -0.04419417382415922 1.2625 1.734723475976807e-17
v -1.734723475976807e-17 0.7625 -0.04419417382415921
v -0.04419417382415922 0.7625 1.734723475976807e-17
vt 0.34375 0.5625
vt 0.34375 0.5
vt 0.84375 0.5
vt 0.84375 0.5625
vt 0.34375 0.5
vt 0.34375 0.5625
vt 0.84375 0.5625
vt 0.84375 0.5
vt 0.34375 0.5625
vt 0.34375 0.5
vt 0.84375 0.5
vt 0.84375 0.5625
vt 0.34375 0.5
vt 0.34375 0.5625
vt 0.84375 0.5625
vt 0.84375 0.5
vn 0.7071067811865474 0 -0.7071067811865477
vn 0.7071067811865477 0 0.7071067811865474
vn -0.7071067811865474 0 0.7071067811865477
vn -0.7071067811865477 0 -0.7071067811865474
usemtl m_4876dd57-4de4-0335-6936-bd5fb1154e8b
f 52/124/31 55/123/31 53/122/31 50/121/31
f 51/128/32 52/127/32 50/126/32 49/125/32
f 56/132/33 51/131/33 49/130/33 54/129/33
f 55/136/34 56/135/34 54/134/34 53/133/34
o body3
v 3.469446951953614e-18 1.575 0.04419417382415922
v 0.04419417382415921 1.575 -3.469446951953614e-18
v 3.469446951953614e-18 1.2625 0.04419417382415922
v 0.04419417382415921 1.2625 -3.469446951953614e-18
v -1.734723475976807e-17 1.575 -0.04419417382415921
v -0.04419417382415922 1.575 1.734723475976807e-17
v -1.734723475976807e-17 1.2625 -0.04419417382415921
v -0.04419417382415922 1.2625 1.734723475976807e-17
vt 0.03125 0.5625
vt 0.03125 0.5
vt 0.34375 0.5
vt 0.34375 0.5625
vt 0.03125 0.5
vt 0.03125 0.5625
vt 0.34375 0.5625
vt 0.34375 0.5
vt 0.03125 0.5625
vt 0.03125 0.5
vt 0.34375 0.5
vt 0.34375 0.5625
vt 0.03125 0.5
vt 0.03125 0.5625
vt 0.34375 0.5625
vt 0.34375 0.5
vn 0.7071067811865474 0 -0.7071067811865477
vn 0.7071067811865477 0 0.7071067811865474
vn -0.7071067811865474 0 0.7071067811865477
vn -0.7071067811865477 0 -0.7071067811865474
usemtl m_4876dd57-4de4-0335-6936-bd5fb1154e8b
f 60/140/35 63/139/35 61/138/35 58/137/35
f 59/144/36 60/143/36 58/142/36 57/141/36
f 64/148/37 59/147/37 57/146/37 62/145/37
f 63/152/38 64/151/38 62/150/38 61/149/38
o bend0
v -0.06250000000000003 1.6623679756054088 -0.08580409730506391
v 0.06249999999999997 1.6623679756054088 -0.08580409730506394
v -0.06250000000000003 1.62219375 -0.13368187500000006
v 0.062499999999999965 1.62219375 -0.13368187500000006
v 0.062499999999999944 1.8060013086902171 -0.20632677412129002
v -0.06250000000000006 1.8060013086902171 -0.20632677412129002
v 0.06249999999999994 1.7658270830848086 -0.2542045518162262
v -0.06250000000000006 1.7658270830848086 -0.2542045518162262
vt 0.09375 0.5625
vt 0.09375 0.75
vt 0.15625 0.75
vt 0.15625 0.5625
vt 0.125 0.59375
vt 0 0.59375
vt 0 0.53125
vt 0.125 0.53125
vt 0.09375 0.75
vt 0.09375 0.5625
vt 0.15625 0.5625
vt 0.15625 0.75
vt 0.125 0.71875
vt 0 0.71875
vt 0 0.78125
vt 0.125 0.78125
vt 0 0.75
vt 0 0.5625
vt 0.125 0.5625
vt 0.125 0.75
vt 0.125 0.75
vt 0.125 0.5625
vt 0.25 0.5625
vt 0.25 0.75
vn 1 0 -2.220446049250313e-16
vn 1.4272752084355284e-16 -0.766044443118978 0.6427876096865393
vn -1 0 2.220446049250313e-16
vn -1.4272752084355284e-16 0.766044443118978 -0.6427876096865393
vn 1.700960357273691e-16 0.6427876096865393 0.766044443118978
vn -1.700960357273691e-16 -0.6427876096865393 -0.766044443118978
usemtl m_8baac8e3-e2c4-9655-b9a1-ec75b427e9b0
f 68/156/39 71/155/39 69/154/39 66/153/39
f 67/160/40 68/159/40 66/158/40 65/157/40
f 72/164/41 67/163/41 65/162/41 70/161/41
f 71/168/42 72/167/42 70/166/42 69/165/42
f 70/172/43 65/171/43 66/170/43 69/169/43
f 71/176/44 68/175/44 67/174/44 72/173/44
o bend1
v -0.09374999999999997 1.8098065988046839 0.20427621883877972
v 0.09375000000000003 1.8098065988046839 0.20427621883877967
v -0.09374999999999994 1.7192510525900837 0.22854050431714107
v 0.09375000000000006 1.7192510525900837 0.228540504317141
v 0.09374999999999994 1.7127494568912385 -0.15794596601962096
v -0.09375000000000006 1.7127494568912385 -0.1579459660196209
v 0.09374999999999997 1.6221939106766383 -0.13368168054125962
v -0.09375000000000003 1.6221939106766383 -0.13368168054125956
vt 0.25 0.4375
vt 0.25 0.09375
vt 0.15625 0.09375
vt 0.15625 0.4375
vt 0 0.5
vt 0.1875 0.5
vt 0.1875 0.40625
vt 0 0.40625
vt 0.25 0.09375
vt 0.25 0.4375
vt 0.15625 0.4375
vt 0.15625 0.09375
vt 0 0.03125
vt 0.1875 0.03125
vt 0.1875 0.125
vt 0 0.125
vt 0.40625 0.09375
vt 0.40625 0.4375
vt 0.21875 0.4375
vt 0.21875 0.09375
vt 0 0.09375
vt 0 0.4375
vt 0.1875 0.4375
vt 0.1875 0.09375
vn 1 0 -2.220446049250313e-16
vn 2.144786184852406e-16 0.25881904510252074 0.9659258262890683
vn -1 0 2.220446049250313e-16
vn -2.144786184852406e-16 -0.25881904510252074 -0.9659258262890683
vn -5.746937261686308e-17 0.9659258262890683 -0.25881904510252074
vn 5.746937261686308e-17 -0.9659258262890683 0.25881904510252074
usemtl m_8baac8e3-e2c4-9655-b9a1-ec75b427e9b0
f 76/180/45 79/179/45 77/178/45 74/177/45
f 75/184/46 76/183/46 74/182/46 73/181/46
f 80/188/47 75/187/47 73/186/47 78/185/47
f 79/192/48 80/191/48 78/190/48 77/189/48
f 78/196/49 73/195/49 74/194/49 77/193/49
f 79/200/50 76/199/50 75/198/50 80/197/50
o bend4
v -0.06250000000000006 2.070000566309783 -0.20632677412128997
v 0.062499999999999944 2.070000566309783 -0.20632677412128997
v -0.06250000000000006 2.1101747919151914 -0.2542045518162261
v 0.06249999999999994 2.1101747919151914 -0.2542045518162261
v 0.06249999999999997 2.213633899394591 -0.08580409730506387
v -0.06250000000000003 2.213633899394591 -0.08580409730506385
v 0.062499999999999965 2.253808125 -0.133681875
v -0.06250000000000003 2.253808125 -0.133681875
vt 0.15625 0.78125
vt 0.15625 0.96875
vt 0.09375 0.96875
vt 0.09375 0.78125
vt 0.125 0.75
vt 0 0.75
vt 0 0.8125
vt 0.125 0.8125
vt 0.15625 0.96875
vt 0.15625 0.78125
vt 0.09375 0.78125
vt 0.09375 0.96875
vt 0.125 1
vt 0 1
vt 0 0.9375
vt 0.125 0.9375
vt 0.125 0.96875
vt 0.125 0.78125
vt 0.25 0.78125
vt 0.25 0.96875
vt 0 0.96875
vt 0 0.78125
vt 0.125 0.78125
vt 0.125 0.96875
vn 1 0 -2.220446049250313e-16
vn -1.4272752084355284e-16 -0.766044443118978 -0.6427876096865393
vn -1 0 2.220446049250313e-16
vn 1.4272752084355284e-16 0.766044443118978 0.6427876096865393
vn 1.700960357273691e-16 -0.6427876096865393 0.766044443118978
vn -1.700960357273691e-16 0.6427876096865393 -0.766044443118978
usemtl m_8baac8e3-e2c4-9655-b9a1-ec75b427e9b0
f 84/204/51 87/203/51 85/202/51 82/201/51
f 83/208/52 84/207/52 82/206/52 81/205/52
f 88/212/53 83/211/53 81/210/53 86/209/53
f 87/216/54 88/215/54 86/214/54 85/213/54
f 86/220/55 81/219/55 82/218/55 85/217/55
f 87/224/56 84/223/56 83/222/56 88/221/56
o core
v -0.00801686963188063 1.9993800053681197 -0.0007043696318806136
v 0.03885813036811936 2.0131093750000004 -0.08072500000000005
v 0.03885813036811937 1.9193593750000004 0.013024999999999967
v 0.08573313036811936 1.933088744631881 -0.06699563036811948
v -0.027433130368119486 1.9662343750000004 -0.12760000000000005
v -0.07430813036811948 1.9525050053681197 -0.0475793696318806
v 0.019441869631880514 1.886213744631881 -0.11387063036811945
v -0.02743313036811948 1.8724843750000004 -0.03385000000000002
vt 0.8125 0.1875
vt 1 0.1875
vt 1 0
vt 0.8125 0
vt 0.8125 0.1875
vt 1 0.1875
vt 1 0
vt 0.8125 0
vt 0.8125 0.1875
vt 1 0.1875
vt 1 0
vt 0.8125 0
vt 0.8125 0.1875
vt 1 0.1875
vt 1 0
vt 0.8125 0
vt 0.8125 0.1875
vt 1 0.1875
vt 1 0
vt 0.8125 0
vt 0.8125 0
vt 0.8125 0.1875
vt 1 0.1875
vt 1 0
vn 0.4999999999999998 0.1464466094067262 -0.8535533905932738
vn 0.7071067811865477 0.5 0.49999999999999983
vn -0.4999999999999998 -0.1464466094067262 0.8535533905932738
vn -0.7071067811865477 -0.5 -0.49999999999999983
vn -0.5 0.8535533905932737 -0.1464466094067261
vn 0.5 -0.8535533905932737 0.1464466094067261
usemtl m_02ba5f05-074b-f9f4-ef62-67570f3d244e
f 92/228/57 95/227/57 93/226/57 90/225/57
f 91/232/58 92/231/58 90/230/58 89/229/58
f 96/236/59 91/235/59 89/234/59 94/233/59
f 95/240/60 96/239/60 94/238/60 93/237/60
f 94/244/61 89/243/61 90/242/61 93/241/61
f 95/248/62 92/247/62 91/246/62 96/245/62
o core_overlay
v 0.021730097903860605 1.876783222903861 -0.12330115209613936
v -0.03295740209613938 1.8607656250000004 -0.029943750000000015
v -0.0329574020961394 1.9701406250000004 -0.13931875000000005
v -0.08764490209613938 1.9541230270961396 -0.04596134790386069
v 0.04438240209613927 1.9154531250000004 0.024743749999999953
v 0.09906990209613925 1.931470722903861 -0.06861365209613939
v -0.010305097903860722 2.0088105270961396 0.008726152096139292
v 0.044382402096139265 2.0248281250000004 -0.08463125000000005
vt 0.8125 0.375
vt 1 0.375
vt 1 0.1875
vt 0.8125 0.1875
vt 0.8125 0.375
vt 1 0.375
vt 1 0.1875
vt 0.8125 0.1875
vt 0.8125 0.375
vt 1 0.375
vt 1 0.1875
vt 0.8125 0.1875
vt 0.8125 0.375
vt 1 0.375
vt 1 0.1875
vt 0.8125 0.1875
vt 0.8125 0.375
vt 1 0.375
vt 1 0.1875
vt 0.8125 0.1875
vt 0.8125 0.1875
vt 0.8125 0.375
vt 1 0.375
vt 1 0.1875
vn 0.4999999999999998 0.1464466094067262 -0.8535533905932738
vn 0.7071067811865477 0.5 0.49999999999999983
vn -0.4999999999999998 -0.1464466094067262 0.8535533905932738
vn -0.7071067811865477 -0.5 -0.49999999999999983
vn -0.5 0.8535533905932737 -0.1464466094067261
vn 0.5 -0.8535533905932737 0.1464466094067261
usemtl m_02ba5f05-074b-f9f4-ef62-67570f3d244e
f 100/252/63 103/251/63 101/250/63 98/249/63
f 99/256/64 100/255/64 98/254/64 97/253/64
f 104/260/65 99/259/65 97/258/65 102/257/65
f 103/264/66 104/263/66 102/262/66 101/261/66
f 102/268/67 97/267/67 98/266/67 101/265/67
f 103/272/68 100/271/68 99/270/68 104/269/68
o bend3
v -0.09375000000000006 2.163252845698845 -0.15794584533676198
v 0.09374999999999994 2.163252845698845 -0.15794584533676204
v -0.09375000000000003 2.253808391913445 -0.1336815598584007
v 0.09374999999999997 2.253808391913445 -0.13368155985840074
v 0.09375000000000003 2.0661957037853997 0.2042763395216386
v -0.09374999999999997 2.0661957037853997 0.20427633952163865
v 0.09375000000000006 2.15675125 0.2285406249999999
v -0.09374999999999994 2.15675125 0.22854062499999994
vt 0.5 0.59375
vt 0.5 0.9375
vt 0.40625 0.9375
vt 0.40625 0.59375
vt 0.4375 0.53125
vt 0.25 0.53125
vt 0.25 0.625
vt 0.4375 0.625
vt 0.5 0.9375
vt 0.5 0.59375
vt 0.40625 0.59375
vt 0.40625 0.9375
vt 0.4375 1
vt 0.25 1
vt 0.25 0.90625
vt 0.4375 0.90625
vt 0.46875 0.9375
vt 0.46875 0.59375
vt 0.65625 0.59375
vt 0.65625 0.9375
vt 0.25 0.9375
vt 0.25 0.59375
vt 0.4375 0.59375
vt 0.4375 0.9375
vn 1 0 -2.220446049250313e-16
vn -2.1447861848524062e-16 0.25881904510252063 -0.9659258262890684
vn -1 0 2.220446049250313e-16
vn 2.1447861848524062e-16 -0.25881904510252063 0.9659258262890684
vn -5.746937261686305e-17 -0.9659258262890684 -0.25881904510252063
vn 5.746937261686305e-17 0.9659258262890684 0.25881904510252063
usemtl m_8baac8e3-e2c4-9655-b9a1-ec75b427e9b0
f 108/276/69 111/275/69 109/274/69 106/273/69
f 107/280/70 108/279/70 106/278/70 105/277/70
f 112/284/71 107/283/71 105/282/71 110/281/71
f 111/288/72 112/287/72 110/286/72 109/285/72
f 110/292/73 105/291/73 106/290/73 109/289/73
f 111/296/74 108/295/74 107/294/74 112/293/74
o core2
v -0.04687499999999998 1.9848762499999997 0.1035406250000003
v 0.04687500000000002 1.9848762499999997 0.10354062500000027
v -0.046874999999999924 1.9848762499999995 0.3535406250000003
v 0.046875000000000076 1.9848762499999995 0.3535406250000003
v 0.04687500000000002 1.8911262499999997 0.10354062500000025
v -0.04687499999999998 1.8911262499999997 0.10354062500000027
v 0.046875000000000076 1.8911262499999995 0.3535406250000003
v -0.046874999999999924 1.8911262499999995 0.3535406250000003
vt 0.4375 0.375
vt 0.625 0.375
vt 0.625 0.875
vt 0.4375 0.875
vt 0.3125 0.375
vt 0.5 0.375
vt 0.5 0.875
vt 0.3125 0.875
vt 0.4375 0.375
vt 0.625 0.375
vt 0.625 0.875
vt 0.4375 0.875
vt 0.3125 0.375
vt 0.5 0.375
vt 0.5 0.875
vt 0.3125 0.875
vt 0.3125 0.4375
vt 0.5 0.4375
vt 0.5 0.25
vt 0.3125 0.25
vt 0.5 0.8125
vt 0.5 1
vt 0.3125 1
vt 0.3125 0.8125
vn 1 0 -2.220446049250313e-16
vn 4.930380657631324e-32 1 2.220446049250313e-16
vn -1 0 2.220446049250313e-16
vn -4.930380657631324e-32 -1 -2.220446049250313e-16
vn -2.220446049250313e-16 2.220446049250313e-16 -1
vn 2.220446049250313e-16 -2.220446049250313e-16 1
usemtl m_02ba5f05-074b-f9f4-ef62-67570f3d244e
f 116/300/75 119/299/75 117/298/75 114/297/75
f 115/304/76 116/303/76 114/302/76 113/301/76
f 120/308/77 115/307/77 113/306/77 118/305/77
f 119/312/78 120/311/78 118/310/78 117/309/78
f 118/316/79 113/315/79 114/314/79 117/313/79
f 119/320/80 116/319/80 115/318/80 120/317/80
o core2_overlay
v 0.05468750000000003 1.8833168749999996 0.13454187500000123
v -0.05468749999999997 1.8833168749999996 0.13454187500000125
v 0.05468750000000002 1.8833168749999996 0.09572937500000064
v -0.05468749999999998 1.8833168749999996 0.09572937500000067
v -0.05468749999999997 1.9926918749999996 0.13454187500000128
v 0.05468750000000003 1.9926918749999996 0.13454187500000125
v -0.05468749999999998 1.9926918749999996 0.0957293750000007
v 0.05468750000000002 1.9926918749999996 0.09572937500000067
vt 0.3125 0.09229323529411759
vt 0.5 0.09229323529411759
vt 0.5 0
vt 0.3125 0
vt 0.3125 0.09229323529411759
vt 0.5 0.09229323529411759
vt 0.5 0
vt 0.3125 0
vt 0.3125 0.09229323529411759
vt 0.5 0.09229323529411759
vt 0.5 0
vt 0.3125 0
vt 0.3125 0.09229323529411759
vt 0.5 0.09229323529411759
vt 0.5 0
vt 0.3125 0
vt 0.3125 0.1875
vt 0.5 0.1875
vt 0.5 0
vt 0.3125 0
vt 0.3125 0
vt 0.3125 0.1875
vt 0.5 0.1875
vt 0.5 0
vn 1 0 -2.220446049250313e-16
vn 4.930380657631324e-32 1 2.220446049250313e-16
vn -1 0 2.220446049250313e-16
vn -4.930380657631324e-32 -1 -2.220446049250313e-16
vn -2.220446049250313e-16 2.220446049250313e-16 -1
vn 2.220446049250313e-16 -2.220446049250313e-16 1
usemtl m_02ba5f05-074b-f9f4-ef62-67570f3d244e
f 124/324/81 127/323/81 125/322/81 122/321/81
f 123/328/82 124/327/82 122/326/82 121/325/82
f 128/332/83 123/331/83 121/330/83 126/329/83
f 127/336/84 128/335/84 126/334/84 125/333/84
f 126/340/85 121/339/85 122/338/85 125/337/85
f 127/344/86 124/343/86 123/342/86 128/341/86
o core2_overlay
v 0.054687500000000076 1.8833168749999996 0.3582293750000002
v -0.054687499999999924 1.8833168749999996 0.3582293750000002
v 0.05468750000000005 1.8833168749999996 0.22960437500000017
v -0.05468749999999995 1.8833168749999996 0.2296043750000002
v -0.054687499999999924 1.9926918749999996 0.3582293750000002
v 0.054687500000000076 1.9926918749999996 0.3582293750000002
v -0.05468749999999995 1.9926918749999996 0.22960437500000022
v 0.05468750000000005 1.9926918749999996 0.2296043750000002
vt 0.3125 0.1875
vt 0.5 0.1875
vt 0.5 0.09229323529411759
vt 0.3125 0.09229323529411759
vt 0.3125 0.1875
vt 0.5 0.1875
vt 0.5 0.09229323529411759
vt 0.3125 0.09229323529411759
vt 0.3125 0.1875
vt 0.5 0.1875
vt 0.5 0.09229323529411759
vt 0.3125 0.09229323529411759
vt 0.3125 0.1875
vt 0.5 0.1875
vt 0.5 0.09229323529411759
vt 0.3125 0.09229323529411759
vt 0.3125 0.1875
vt 0.5 0.1875
vt 0.5 0
vt 0.3125 0
vt 0.3125 0
vt 0.3125 0.1875
vt 0.5 0.1875
vt 0.5 0
vn 1 0 -2.220446049250313e-16
vn 4.930380657631324e-32 1 2.220446049250313e-16
vn -1 0 2.220446049250313e-16
vn -4.930380657631324e-32 -1 -2.220446049250313e-16
vn -2.220446049250313e-16 2.220446049250313e-16 -1
vn 2.220446049250313e-16 -2.220446049250313e-16 1
usemtl m_02ba5f05-074b-f9f4-ef62-67570f3d244e
f 132/348/87 135/347/87 133/346/87 130/345/87
f 131/352/88 132/351/88 130/350/88 129/349/88
f 136/356/89 131/355/89 129/354/89 134/353/89
f 135/360/90 136/359/90 134/358/90 133/357/90
f 134/364/91 129/363/91 130/362/91 133/361/91
f 135/368/92 132/367/92 131/366/92 136/365/92
o bend
v -0.10937499999999997 2.15675125 0.13479062500000014
v 0.10937500000000003 2.15675125 0.13479062500000008
v -0.10937499999999994 2.15675125 0.22854062500000014
v 0.10937500000000006 2.15675125 0.22854062500000008
v 0.10937500000000003 1.71925125 0.13479062499999997
v -0.10937499999999997 1.71925125 0.13479062500000003
v 0.10937500000000006 1.71925125 0.22854062499999997
v -0.10937499999999994 1.71925125 0.22854062500000003
vt 0.71875 0.5
vt 0.71875 0.0625
vt 0.625 0.0625
vt 0.625 0.5
vt 0.65625 0.5625
vt 0.4375 0.5625
vt 0.4375 0.46875
vt 0.65625 0.46875
vt 0.71875 0.0625
vt 0.71875 0.5
vt 0.625 0.5
vt 0.625 0.0625
vt 0.65625 0.09375
vt 0.4375 0.09375
vt 0.4375 0
vt 0.65625 0
vt 0.6875 0.0625
vt 0.6875 0.5
vt 0.90625 0.5
vt 0.90625 0.0625
vt 0.4375 0.0625
vt 0.4375 0.5
vt 0.65625 0.5
vt 0.65625 0.0625
vn 1 0 -2.220446049250313e-16
vn 4.930380657631324e-32 1 2.220446049250313e-16
vn -1 0 2.220446049250313e-16
vn -4.930380657631324e-32 -1 -2.220446049250313e-16
vn -2.220446049250313e-16 2.220446049250313e-16 -1
vn 2.220446049250313e-16 -2.220446049250313e-16 1
usemtl m_8baac8e3-e2c4-9655-b9a1-ec75b427e9b0
f 140/372/93 143/371/93 141/370/93 138/369/93
f 139/376/94 140/375/94 138/374/94 137/373/94
f 144/380/95 139/379/95 137/378/95 142/377/95
f 143/384/96 144/383/96 142/382/96 141/381/96
f 142/388/97 137/387/97 138/386/97 141/385/97
f 143/392/98 140/391/98 139/390/98 144/389/98
o core3
v -0.046874999999999827 2.0950635872615058 0.07995469234434989
v 0.046875000000000173 2.0950635872615058 0.07995469234434992
v -0.04687499999999988 2.138475631678239 0.3261566305974009
v 0.04687500000000012 2.138475631678239 0.3261566305974009
v 0.04687500000000011 2.0027378604166115 0.09623420900062488
v -0.04687499999999989 2.0027378604166115 0.09623420900062485
v 0.04687500000000006 2.0461499048333445 0.3424361472536759
v -0.04687499999999994 2.0461499048333445 0.3424361472536759
vt 0.75 0.375
vt 0.9375 0.375
vt 0.9375 0.875
vt 0.75 0.875
vt 0.625 0.375
vt 0.8125 0.375
vt 0.8125 0.875
vt 0.625 0.875
vt 0.75 0.375
vt 0.9375 0.375
vt 0.9375 0.875
vt 0.75 0.875
vt 0.625 0.375
vt 0.8125 0.375
vt 0.8125 0.875
vt 0.625 0.875
vt 0.625 0.4375
vt 0.8125 0.4375
vt 0.8125 0.25
vt 0.625 0.25
vt 0.8125 0.8125
vt 0.8125 1
vt 0.625 1
vt 0.625 0.8125
vn 1 -5.74993829877131e-16 3.1625848373145286e-16
vn 6.21176090968855e-16 0.9848077530122076 -0.17364817766693297
vn -1 5.74993829877131e-16 -3.1625848373145286e-16
vn -6.21176090968855e-16 -0.9848077530122076 0.17364817766693297
vn 2.1160717600672562e-16 -0.17364817766693297 -0.9848077530122076
vn -2.1160717600672562e-16 0.17364817766693297 0.9848077530122076
usemtl m_02ba5f05-074b-f9f4-ef62-67570f3d244e
f 148/396/99 151/395/99 149/394/99 146/393/99
f 147/400/100 148/399/100 146/398/100 145/397/100
f 152/404/101 147/403/101 145/402/101 150/401/101
f 151/408/102 152/407/102 150/406/102 149/405/102
f 150/412/103 145/411/103 146/410/103 149/409/103
f 151/416/104 148/415/104 147/414/104 152/413/104
o core1_overlay
v -0.054687499999998654 1.8740339113525368 0.134702941356787
v 0.054687500000001346 1.8740339113525366 0.13470294135678684
v -0.05468749999999871 1.8819342819573668 0.08989771317737481
v 0.05468750000000129 1.8819342819573666 0.08989771317737465
v -0.05468749999999885 1.7911713788864325 0.13456187041255288
v 0.05468750000000115 1.7911713788864323 0.13456187041255271
v -0.054687499999998994 1.7742209339716566 0.07090494374505343
v 0.054687500000001006 1.7742209339716564 0.07090494374505327
vt 0.1875 0
vt 0.1875 0.1875
vt 0 0.1875
vt 0 0
vt 0.1875 0
vt 0.1875 0.1875
vt 0 0.1875
vt 0 0
vt 0.1875 0
vt 0.1875 0.1875
vt 0 0.1875
vt 0 0
vt 0.1875 0.1875
vt 0 0.1875
vt 0 0
vt 0.1875 0
vt 0.1875 0
vt 0.1875 0.1875
vt 0 0.1875
vt 0 0
vt 0.1875 0
vt 0.1875 0.1875
vt 0 0.1875
vt 0 0
vn -2.5903055659919217e-15 -0.9848077530122066 -0.17364817766693852
vn 1.8446877785747772e-15 0.9663283594035958 -0.257312070864068
vn -1.6256771221831386e-15 0.001702467153680998 -0.9999985508017453
vn 1.1980677119082638e-15 -0.17364817766693852 0.9848077530122066
vn 1 -2.342910729165048e-15 -1.629668212455878e-15
vn -1 2.342910729165048e-15 1.629668212455878e-15
usemtl m_02ba5f05-074b-f9f4-ef62-67570f3d244e
f 156/417/105 154/418/105 153/419/105 155/420/105
f 159/421/106 157/422/106 158/423/106 160/424/106
f 153/425/107 154/426/107 158/427/107 157/428/107
f 156/429/108 155/430/108 159/431/108 160/432/108
f 155/433/109 153/434/109 157/435/109 159/436/109
f 160/437/110 158/438/110 154/439/110 156/440/110
o core1
v 0.046875000000001055 1.7805614127384908 0.07995469234434986
v -0.046874999999998945 1.780561412738491 0.07995469234435003
v 0.04687500000000137 1.7371493683217576 0.32615663059740085
v -0.04687499999999863 1.7371493683217578 0.326156630597401
v -0.04687499999999871 1.8728871395833855 0.09623420900062497
v 0.04687500000000129 1.8728871395833853 0.0962342090006248
v -0.046874999999998404 1.8294750951666523 0.342436147253676
v 0.046875000000001596 1.829475095166652 0.34243614725367577
vt 0.125 0.375
vt 0.3125 0.375
vt 0.3125 0.875
vt 0.125 0.875
vt 0 0.375
vt 0.1875 0.375
vt 0.1875 0.875
vt 0 0.875
vt 0.125 0.375
vt 0.3125 0.375
vt 0.3125 0.875
vt 0.125 0.875
vt 0 0.375
vt 0.1875 0.375
vt 0.1875 0.875
vt 0 0.875
vt 0 0.4375
vt 0.1875 0.4375
vt 0.1875 0.25
vt 0 0.25
vt 0.1875 0.8125
vt 0.1875 1
vt 0 1
vt 0 0.8125
vn -1 2.2132110449432018e-15 1.6385273246181246e-15
vn -2.4641146800897267e-15 -0.9848077530122076 -0.17364817766693286
vn 1 -2.2132110449432018e-15 -1.6385273246181246e-15
vn 2.4641146800897267e-15 0.9848077530122076 0.17364817766693286
vn -1.229314348059564e-15 0.17364817766693277 -0.9848077530122078
vn 1.229314348059564e-15 -0.17364817766693277 0.9848077530122078
usemtl m_02ba5f05-074b-f9f4-ef62-67570f3d244e
f 164/444/111 167/443/111 165/442/111 162/441/111
f 163/448/112 164/447/112 162/446/112 161/445/112
f 168/452/113 163/451/113 161/450/113 166/449/113
f 167/456/114 168/455/114 166/454/114 165/453/114
f 166/460/115 161/459/115 162/458/115 165/457/115
f 167/464/116 164/463/116 163/462/116 168/461/116
o core1_overlay
v -0.05468749999999848 1.8358089847645869 0.35148727257124157
v 0.05468750000000152 1.8358089847645866 0.35148727257124157
v -0.054687499999998467 1.857486325321988 0.2285489651703942
v 0.054687500000001533 1.857486325321988 0.2285489651703942
v -0.05468749999999859 1.7280956367788767 0.3324945031389206
v 0.05468750000000141 1.7280956367788765 0.3324945031389206
v -0.054687499999998584 1.7464161410017538 0.2285937606134904
v 0.054687500000001416 1.7464161410017538 0.2285937606134904
vt 0.8125 0
vt 0.8125 0.1875
vt 0.625 0.1875
vt 0.625 0
vt 0.1875 0
vt 0.1875 0.1875
vt 0 0.1875
vt 0 0
vt 0.1875 0
vt 0.1875 0.1875
vt 0 0.1875
vt 0 0
vt 0.1875 0.1875
vt 0 0.1875
vt 0 0
vt 0.1875 0
vt 0.1875 0
vt 0.1875 0.1875
vt 0 0.1875
vt 0 0
vt 0.1875 0
vt 0.1875 0.1875
vt 0 0.1875
vt 0 0
vn -1.0112899674437042e-15 -0.9848077530122072 -0.17364817766693508
vn 1.0112899674437042e-15 0.9848077530122072 0.17364817766693508
vn 8.475124432958668e-17 0.17364817766693497 -0.9848077530122072
vn 9.255256990405283e-17 0.00040330750981670827 0.9999999186715229
vn 1 -1.0106430996148606e-15 -9.21449774462445e-17
vn -1 1.0106430996148606e-15 9.21449774462445e-17
usemtl m_02ba5f05-074b-f9f4-ef62-67570f3d244e
f 172/465/117 170/466/117 169/467/117 171/468/117
f 175/469/118 173/470/118 174/471/118 176/472/118
f 169/473/119 170/474/119 174/475/119 173/476/119
f 172/477/120 171/478/120 175/479/120 176/480/120
f 171/481/121 169/482/121 173/483/121 175/484/121
f 176/485/122 174/486/122 170/487/122 172/488/122
o core3_overlay
v 0.05468750000000009 2.03981601523541 0.3514872725712417
v -0.05468749999999991 2.03981601523541 0.3514872725712417
v 0.05468750000000006 2.018138674678009 0.22854896517039425
v -0.05468749999999994 2.018138674678009 0.22854896517039425
v 0.05468750000000011 2.1475293632211203 0.33249450313892076
v -0.05468749999999989 2.1475293632211203 0.33249450313892076
v 0.05468750000000009 2.129208858998243 0.22859376061349052
v -0.05468749999999991 2.129208858998243 0.22859376061349054
vt 0.8125 0
vt 0.8125 0.1875
vt 0.625 0.1875
vt 0.625 0
vt 0.8125 0
vt 0.8125 0.1875
vt 0.625 0.1875
vt 0.625 0
vt 0.8125 0
vt 0.8125 0.1875
vt 0.625 0.1875
vt 0.625 0
vt 0.8125 0.1875
vt 0.625 0.1875
vt 0.625 0
vt 0.8125 0
vt 0.8125 0
vt 0.8125 0.1875
vt 0.625 0.1875
vt 0.625 0
vt 0.8125 0
vt 0.8125 0.1875
vt 0.625 0.1875
vt 0.625 0
vn 1.937434184108754e-16 0.9848077530122075 -0.1736481776669343
vn -1.937434184108754e-16 -0.9848077530122075 0.1736481776669343
vn -1.963729845793473e-16 -0.1736481776669343 -0.9848077530122075
vn 1.5965572937095676e-16 -0.00040330750981740226 0.999999918671523
vn -1 2.2489983146133874e-16 1.5974644615387698e-16
vn 1 -2.2489983146133874e-16 -1.5974644615387698e-16
usemtl m_02ba5f05-074b-f9f4-ef62-67570f3d244e
f 180/489/123 178/490/123 177/491/123 179/492/123
f 183/493/124 181/494/124 182/495/124 184/496/124
f 177/497/125 178/498/125 182/499/125 181/500/125
f 180/501/126 179/502/126 183/503/126 184/504/126
f 179/505/127 177/506/127 181/507/127 183/508/127
f 184/509/128 182/510/128 178/511/128 180/512/128
o core3_overlay
v 0.05468750000000004 2.0015910886474604 0.13470294135678718
v -0.05468749999999996 2.0015910886474604 0.1347029413567872
v 0.054687500000000035 1.9936907180426306 0.08989771317737494
v -0.054687499999999965 1.9936907180426306 0.08989771317737497
v 0.05468750000000006 2.0844536211135645 0.1345618704125534
v -0.05468749999999994 2.0844536211135645 0.13456187041255344
v 0.054687500000000056 2.1014040660283406 0.07090494374505402
v -0.054687499999999944 2.1014040660283406 0.07090494374505402
vt 0.8125 0
vt 0.8125 0.1875
vt 0.625 0.1875
vt 0.625 0
vt 0.8125 0
vt 0.8125 0.1875
vt 0.625 0.1875
vt 0.625 0
vt 0.8125 0
vt 0.8125 0.1875
vt 0.625 0.1875
vt 0.625 0
vt 0.8125 0.1875
vt 0.625 0.1875
vt 0.625 0
vt 0.8125 0
vt 0.8125 0
vt 0.8125 0.1875
vt 0.625 0.1875
vt 0.625 0
vt 0.8125 0
vt 0.8125 0.1875
vt 0.625 0.1875
vt 0.625 0
vn 1.937434184108754e-16 0.9848077530122075 -0.1736481776669343
vn -2.584317740392105e-16 -0.9663283594035946 -0.2573120708640721
vn -1.6012909922553634e-16 -0.001702467153676696 -0.9999985508017453
vn 1.963729845793473e-16 0.1736481776669343 0.9848077530122075
vn -1 2.2489983146133874e-16 1.5974644615387698e-16
vn 1 -2.2489983146133874e-16 -1.5974644615387698e-16
usemtl m_02ba5f05-074b-f9f4-ef62-67570f3d244e
f 188/513/129 186/514/129 185/515/129 187/516/129
f 191/517/130 189/518/130 190/519/130 192/520/130
f 185/521/131 186/522/131 190/523/131 189/524/131
f 188/525/132 187/526/132 191/527/132 192/528/132
f 187/529/133 185/530/133 189/531/133 191/532/133
f 192/533/134 190/534/134 186/535/134 188/536/134